[1.0, 1.0]
[0.9826386073293505, 1.01766813611958]
[0.9718760592730887, 1.0289377852850357]
[0.966426119967288, 1.0347402448454606]
[0.9594709756909829, 1.042241011282107]
[0.9521656396525215, 1.050237435962229]
[0.9431294977099789, 1.0602997811309145]
[0.9317246571950979, 1.0732784543992224]
[0.9229777274227104, 1.0834497629670476]
[0.9138491281880763, 1.0942725326911875]
[0.9096263864224007, 1.099352453849808]
[0.8975659292026414, 1.1141242859879459]
[0.8949260060487945, 1.1174108174765418]
[0.8883676046274932, 1.1256601375275452]
[0.8810290146590132, 1.1350363987581413]
[0.874208110801729, 1.1454248279508048]
[0.8685324865022294, 1.1513674105930327]
[0.8612074950641886, 1.1611603541902138]
[0.8583149015157719, 1.165073562434969]
[0.8541819641182127, 1.1707107408107333]
[0.8490253310745618, 1.1778211596282508]
[0.8387136391349312, 1.1923020603688086]
[0.8345323515087808, 1.1982758945079413]
[0.8288050089000437, 1.2065564146712378]
[0.8178013442445822, 1.22279084894843]
[0.8112470284743316, 1.2326701545898366]
[0.806144109228454, 1.2404729980066243]
[0.8028437047895223, 1.2455724495743106]
[0.7982904454886423, 1.2526768993056019]
[0.7914823334806116, 1.2634520793438484]
[0.786072302451437, 1.272147608917666]
[0.776900205864266, 1.287166604477271]
[0.7729062970039979, 1.2938178973004633]
[0.7667678634633522, 1.304175680346305]
[0.7619272378189167, 1.3124612828681481]
[0.7567832878530744, 1.3213822451562183]
[0.7504092626761207, 1.3326061520533277]
[0.7452692959249664, 1.3417968584884246]
[0.7425896554493988, 1.3521033321710545]
[0.7360380757476161, 1.358625365928617]
[0.7311601686427338, 1.3676893831023627]
[0.7268418374701303, 1.3758151339782985]
[0.7214777362676991, 1.3860441559473946]
[0.7206006388180951, 1.38986396655708]
[0.7148376313409289, 1.4023813074977134]
[0.7091462972397253, 1.4101462616280886]
[0.7014828901221625, 1.425551519618463]
[0.6971400803652368, 1.4344319429691845]
[0.6917832055920492, 1.4455395735491576]
[0.6864885499793992, 1.4566885347614449]
[0.6817296117881849, 1.4668572153951007]
[0.6770613877267204, 1.4769709484653495]
[0.6760056630688402, 1.4792775484458718]
[0.6718246133342172, 1.4884837205309762]
[0.6631917249124255, 1.5078595863542328]
[0.6597336777377248, 1.5157631537457257]
[0.6567001496965602, 1.522764994742376]
[0.6552425250611279, 1.5261524729438303]
[0.6519465057598064, 1.5338681796208988]
[0.6488576342698781, 1.5411701229734964]
[0.6438510047034476, 1.5531543675397255]
[0.6429791055623253, 1.5552604919026687]
[0.6392071563255755, 1.5644380543991554]
[0.638988831671839, 1.564972579228995]
[0.6371670995476637, 1.575978908026687]
[0.6305470498280492, 1.585924476647224]
[0.6290560999658694, 1.58968333675527]
[0.6266143708200133, 1.5958778581655557]
[0.623952437923984, 1.6026862613554365]
[0.6207520305106591, 1.6109492210236576]
[0.6187886770568048, 1.6160605988402725]
[0.6152382076445754, 1.6253866999393225]
[0.6141161744157764, 1.6283563951907378]
[0.6114874731688891, 1.635356477243494]
[0.6098991496922327, 1.63961533723177]
[0.6052784788748179, 1.6521320927500172]
[0.6020651136270608, 1.6609499161571306]
[0.6014730306696262, 1.6625849356648452]
[0.5983638129681429, 1.6712240585532205]
[0.5971727804287243, 1.6753318858809523]
[0.5948567043155268, 1.6810771278952839]
[0.590168537058339, 1.6944312297372581]
[0.5858047979355875, 1.7070532770029576]
[0.5825351348684308, 1.7166346545360844]
[0.579551270288731, 1.7254728809442563]
[0.5766045839175046, 1.7342907564242864]
[0.5741525606338556, 1.7425736456227476]
[0.57008879702771, 1.7541127017645877]
[0.5671947940061749, 1.7630627265403167]
[0.563984153902522, 1.7730994622463068]
[0.5623384428934465, 1.7782885247087454]
[0.5556046550743988, 1.7998409316172737]
[0.5533056327517849, 1.8073193924064097]
[0.5486027729750398, 1.822812514375493]
[0.5440230686713263, 1.8381573458682758]
[0.5418602835701654, 1.8454941805501606]
[0.5386390809441907, 1.8565307185789064]
[0.5372671992206093, 1.8612712658629775]
[0.5346297515200724, 1.8704533317810605]
[0.5317137083124369, 1.8807113383888843]
[0.5293561687774879, 1.8890872705033965]
[0.5277598728007099, 1.8948011236496851]
[0.5261495863362278, 1.9006001828555377]
[0.5237085660746714, 1.9094589334202678]
[0.5232084802722676, 1.9112840057172225]
[0.5194389320034701, 1.92515411993285]
[0.517582461814464, 1.9320592828712704]
[0.5154101605537443, 1.940202340841756]
[0.5133677982556988, 1.9479211656784108]
[0.5129869845843046, 1.949367196538803]
[0.5106555317581557, 1.9582672424149823]
[0.5092021425150736, 1.9638566229528338]
[0.5081129939559766, 1.9680661819222063]
[0.5055806131569764, 1.9779239432377376]
[0.5016455786983659, 1.9934392775766678]
[0.4976962669906356, 2.0092575860506012]
[0.49420586742629335, 2.023448254889733]
[0.49205128599683223, 2.0323084777110774]
[0.4898299621560267, 2.0415247683061652]
[0.4875146180777613, 2.05122054379197]
[0.48494472726590415, 2.0620906750300256]
[0.48450987842101684, 2.0639414066415505]
[0.4813146305801953, 2.077643056049556]
[0.47925769218194475, 2.0865601456436536]
[0.47794698258113655, 2.0922822749074252]
[0.476039821338323, 2.1006645981603644]
[0.47428993021746524, 2.108414993212049]
[0.4730135871562343, 2.1141041761866015]
[0.47162254206420484, 2.120339701370474]
[0.4683071152341208, 2.135350857310955]
[0.4666667880466442, 2.1428565855002484]
[0.46582554586546676, 2.146726406217331]
[0.46280641295563985, 2.160730646780926]
[0.461771595121686, 2.16557278655583]
[0.4608175834859504, 2.1700560825723967]
[0.45809808680786296, 2.1829386081226385]
[0.4567783499765027, 2.189245615628327]
[0.4560092065272413, 2.192938181260736]
[0.45435008672955507, 2.2009459868227883]
[0.4524535135358012, 2.210171807895295]
[0.4510743910687311, 2.216929224535888]
[0.45031445448786017, 2.2220708250010435]
[0.44888371910620023, 2.227748428905288]
[0.44742155103773773, 2.235028683085619]
[0.44407272696844863, 2.2518833949265478]
[0.44179657316754145, 2.263485189190846]
[0.4399995128865088, 2.272729788812141]
[0.438140333377446, 2.2823737597755627]
[0.43657547671235636, 2.290554676892361]
[0.4361057664964935, 2.2930217319381407]
[0.43327848713663164, 2.3079844250025188]
[0.431418687247007, 2.3179338993896064]
[0.43044081866280076, 2.3231997446398807]
[0.4291568045440222, 2.3301506335487256]
[0.42712778508089233, 2.3412197354724027]
[0.423751156719125, 2.359875564098649]
[0.4219866681290372, 2.3697431116336003]
[0.4206849136569801, 2.3770759719122814]
[0.4197175202383408, 2.3825548178978564]
[0.41816391941633774, 2.3914067033707114]
[0.41536809290046356, 2.407503169097859]
[0.4135853324726463, 2.4178807164689236]
[0.41218514932367256, 2.4260941997566725]
[0.41196652941999723, 2.427381664738366]
[0.41042735324199425, 2.4364847812918176]
[0.40865543471906307, 2.447049311083961]
[0.40760942006708817, 2.4533289732004]
[0.4062555338765709, 2.4615049312874624]
[0.4049223890191611, 2.4696090587193478]
[0.4023936062914448, 2.48512894927988]
[0.4003180967727561, 2.4980134749383023]
[0.3982393966684492, 2.5110524181326577]
[0.3973266172004486, 2.5168210653642333]
[0.396221378970788, 2.52384160238291]
[0.3944630462175204, 2.5350917141388343]
[0.3936626161543685, 2.5402462894974667]
[0.3927489803663402, 2.5461555598877452]
[0.39098415765239436, 2.557648386585149]
[0.3896523580344219, 2.566390217794242]
[0.3889975276893882, 2.570710425693227]
[0.38782893687996406, 2.5784563886461815]
[0.3863847378733477, 2.5880939436272143]
[0.38300707608289314, 2.610917819658175]
[0.38013838140900374, 2.6306209762177795]
[0.37894352239060913, 2.6389156718958646]
[0.37696512840331864, 2.652765268330312]
[0.37688634286915135, 2.6533198109202467]
[0.37553454790779567, 2.6628708478920777]
[0.3736826242750618, 2.6760676976618423]
[0.37366244280256433, 2.684814491375492]
[0.3713163292633755, 2.6931215278999967]
[0.37025088621912494, 2.7008713205568715]
[0.36870254387436374, 2.7122134539455534]
[0.3675399269766918, 2.7207928352867548]
[0.36741024094368707, 2.7217532027183475]
[0.3650885428180545, 2.7390615774496108]
[0.36478862901877657, 2.741313518159382]
[0.36366280519463484, 2.749800050254777]
[0.3627054743687927, 2.757057917971255]
[0.36075710111297266, 2.77194820812923]
[0.35916637847231614, 2.7842249718735244]
[0.35877759530271053, 2.787242049371206]
[0.3571870282005227, 2.7996537417327647]
[0.35598344184165714, 2.809119420910605]
[0.35457257260218256, 2.820297104937001]
[0.3533618582988402, 2.8299602136297746]
[0.3532926519896745, 2.830514573026632]
[0.3520902169754479, 2.8401811575177405]
[0.351199372837838, 2.8473854947962502]
[0.3499193341904029, 2.857801505348848]
[0.34915819769044265, 2.864031280418574]
[0.3483609656069152, 2.8705856818883193]
[0.3471333587034021, 2.8807372582547464]
[0.34668248983174105, 2.884483725974566]
[0.3449856371529333, 2.898671400504412]
[0.34380714211565977, 2.908607406601202]
[0.3409117476265366, 2.9333104739338114]
[0.33988894020769844, 2.942137509355034]
[0.3385863694435269, 2.953456164356288]
[0.33759621380329835, 2.962118528327612]
[0.3362331269434634, 2.9741269371359325]
[0.3335498564536572, 2.9980525569164445]
[0.33308337850774694, 3.0022512815863664]
[0.33227963030696595, 3.0095134001328394]
[0.33105143929371295, 3.0206786055166117]
[0.33093715094815396, 3.021721789575279]
[0.329771749101155, 3.0324004488730707]
[0.3287840099750848, 3.041510443515121]
[0.3272557220632459, 3.0557143315793227]
[0.32638944896840527, 3.0638245297469795]
[0.3248604019264468, 3.0782452834199683]
[0.3220552957332733, 3.1050568434937382]
[0.32118993589800193, 3.1134225834447165]
[0.31994668057858733, 3.125520784249467]
[0.3190753223931353, 3.1340562237774434]
[0.31897001597375807, 3.135090917392909]
[0.317878736598805, 3.145853701004546]
[0.31711748492729486, 3.15340543341301]
[0.31640258485935296, 3.1605304376527745]
[0.3131287802185767, 3.1935742198528]
[0.31146041971325866, 3.2106808336052297]
[0.31012635998259835, 3.2244921072046617]
[0.3088814111745672, 3.2374884464473026]
[0.30825609691387723, 3.244055867869459]
[0.30744198419097885, 3.252646194798214]
[0.30721159873934234, 3.2550854333089907]
[0.3064063754338559, 3.263639663450379]
[0.30540697935015293, 3.274319408573461]
[0.3046678788738931, 3.2822626516985594]
[0.3042602732582283, 3.2866597708971734]
[0.3035457732936518, 3.2943960614223236]
[0.3026657140767256, 3.3039751563882143]
[0.30209928247288, 3.3101700600357167]
[0.30079384965455414, 3.3245360606556527]
[0.29923864167175335, 3.341814394067927]
[0.2984843581660104, 3.3502593105526226]
[0.2983422360134778, 3.351855283255383]
[0.2975844635984803, 3.360390485133871]
[0.29652100173090457, 3.3724424042905023]
[0.2958132167185887, 3.3805115643339025]
[0.29547535763639826, 3.3843769849347822]
[0.29467537766921587, 3.393564837040906]
[0.2941539804656031, 3.3995800376970764]
[0.29324773271594995, 3.4100860413766103]
[0.29264877976898146, 3.417065332681057]
[0.2917020845039666, 3.428155138831042]
[0.29109377663614117, 3.435319063004123]
[0.29044526139885085, 3.442989550539648]
[0.2896915085500428, 3.4519479186848687]
[0.2892389611157689, 3.4573488859951564]
[0.28842467967057606, 3.4671096840331033]
[0.2880245538169882, 3.471926218607749]
[0.2874416911713292, 3.4789664502911353]
[0.2867579741358365, 3.487261349971397]
[0.28597571746856776, 3.4968003886900374]
[0.2845533352154215, 3.514279666562153]
[0.28310458243437264, 3.5322635592866574]
[0.2825207816883565, 3.5395626262392326]
[0.28155726933020336, 3.551675303496515]
[0.2807015532472381, 3.5625025527351237]
[0.2792490584636763, 3.581032664896438]
[0.27860162263398097, 3.589354543400388]
[0.2775076377766149, 3.603504422479965]
[0.2774997977133395, 3.6072646668884194]
[0.2767536323252537, 3.6133220424176895]
[0.27627057923761833, 3.619639857271618]
[0.2760480872497626, 3.622557250669231]
[0.27538005631957785, 3.6313450340772047]
[0.27512653124632075, 3.6346912653970844]
[0.27438386152154054, 3.6445292170417787]
[0.27349355257836433, 3.656393324714553]
[0.27258955511360883, 3.6685191389054648]
[0.27213073335983096, 3.6747043880476653]
[0.2713067382093242, 3.6858649608195844]
[0.2702519008856377, 3.7002514939688407]
[0.26994262809974473, 3.704490865483078]
[0.26929484898506295, 3.713401885587003]
[0.26854859623911387, 3.723720823733544]
[0.2680990265602483, 3.7299650536973354]
[0.2676245974701969, 3.744538146385021]
[0.26702895090007917, 3.7449122899568845]
[0.2662544148341335, 3.755806267561657]
[0.26569294228526075, 3.7637431818808036]
[0.265004965538656, 3.7735141979976636]
[0.26333862875998093, 3.79739199185793]
[0.26215712683469106, 3.814506254604217]
[0.2615666475550829, 3.8231173941601693]
[0.2608272970047678, 3.833954541888767]
[0.26071511035134726, 3.835604306372465]
[0.26010492910068195, 3.844602266698752]
[0.2592974769916344, 3.8565743546832216]
[0.2586720923556943, 3.8658982918996996]
[0.2579554574794405, 3.876638276124481]
[0.25747176908969555, 3.883920957763838]
[0.25701824252140165, 3.890774406477124]
[0.2567564365975219, 3.8947416985987706]
[0.2561468932691321, 3.9040098719811747]
[0.25599322396764973, 3.9063533967851103]
[0.25538810450621763, 3.9156091546764045]
[0.2541359254292444, 3.934902152503489]
[0.2534629266295633, 3.9453501673698512]
[0.25303393331851826, 3.9520391075026424]
[0.2526020029917842, 3.9587967955761805]
[0.25189343390000446, 3.9699327787836487]
[0.251251740130238, 3.9800719369411866]
[0.2507188252442715, 3.98853177070256]
[0.2501440674401705, 3.997696248539575]
[0.2494863917810577, 4.008234649036779]
[0.2490774536619153, 4.014815413029505]
[0.24806163237302806, 4.031256226260046]
[0.24785387884680085, 4.034635264345017]
[0.24748133623520527, 4.040708746818806]
[0.2471518405459919, 4.046095702912285]
[0.24673108958299872, 4.052995517063149]
[0.24638127428246864, 4.058750012200726]
[0.24591389713449627, 4.0664639601603145]
[0.24493405776357144, 4.08273152835803]
[0.24469848650703818, 4.086661974393689]
[0.2439435804164037, 4.099308529837239]
[0.24391354641437757, 4.099813293276993]
[0.24328273563855268, 4.110443749225629]
[0.24272174035514812, 4.11994409127427]
[0.2423748553591811, 4.1258405230116635]
[0.2418782433532846, 4.134311487203136]
[0.24156716560057462, 4.13963544057753]
[0.24113675085296582, 4.147024443444352]
[0.2403455759778282, 4.160675710096073]
[0.23957838935768067, 4.173999176975187]
[0.23920641666612139, 4.180489862844174]
[0.23873666180390823, 4.188715685491878]
[0.23826739865796412, 4.196965282000299]
[0.23788478310905595, 4.203715710313256]
[0.23754966347390913, 4.209646039384237]
[0.23709149572273291, 4.217780975026839]
[0.2363484997167798, 4.231040185143193]
[0.2360175015493664, 4.236973925388478]
[0.23543551512663935, 4.247447541897432]
[0.23501784692603842, 4.25499600596165]
[0.23442027414209532, 4.265842635240004]
[0.23434018252595845, 4.267300593611288]
[0.23387721830320318, 4.275747793030357]
[0.23352805614975924, 4.282140726417514]
[0.23326636522766886, 4.2869446652713785]
[0.23237185557246387, 4.303447151706182]
[0.23220214631974856, 4.306592406010638]
[0.23168331795391925, 4.316236528513872]
[0.23125862164007868, 4.3241631075547895]
[0.23102171074781455, 4.328597501780295]
[0.2305565348013059, 4.337330975510202]
[0.2294883160903244, 4.357520317532896]
[0.2287421798342061, 4.371734153818097]
[0.2286221181421206, 4.374029985053153]
[0.2281614058291992, 4.382862195145293]
[0.22789153060178685, 4.388052497428613]
[0.2275279007494915, 4.395065381897938]
[0.2271372829254188, 4.40262376621082]
[0.22648216855657916, 4.415358641138155]
[0.22609593717275725, 4.4229012361062985]
[0.2256477542252734, 4.4316860295523215]
[0.22538941783462033, 4.436765530552774]
[0.22476649416060956, 4.44906169727165]
[0.22444120541551027, 4.455509843429551]
[0.22391141437610315, 4.466051910691358]
[0.22312518732714903, 4.481788954349591]
[0.22307037785288403, 4.482890151643105]
[0.22254278485573536, 4.493517957224521]
[0.2220910591102982, 4.5026576216351195]
[0.22192131895797648, 4.50610155299844]
[0.2215054363295288, 4.51456188421634]
[0.22045210283012998, 4.536132734331652]
[0.21994564401703426, 4.546577880499203]
[0.21961384036987752, 4.5534470792723365]
[0.21919037098385472, 4.562244205853635]
[0.21885054536679868, 4.569328343797254]
[0.21855187269803195, 4.575572781211886]
[0.21793132348225003, 4.588601509968105]
[0.21762389868292292, 4.595083564130958]
[0.21732542956292342, 4.601394332964907]
[0.2167368824627573, 4.613889378850107]
[0.2163352210738762, 4.622455812031229]
[0.2159822480789347, 4.630010146178919]
[0.21549736146467224, 4.640428046094365]
[0.21495825733486212, 4.6520659982937955]
[0.21463251441898304, 4.6591263337105815]
[0.2142801076408716, 4.666788770126886]
[0.2140236955592461, 4.672379838068816]
[0.21378108081373254, 4.679781281171703]
[0.2133633690848306, 4.686840127662272]
[0.21314069581526102, 4.691736583551115]
[0.21293274743581786, 4.696318495122127]
[0.21256378810088328, 4.704470168387278]
[0.21204956683286053, 4.715878532250007]
[0.211536623712901, 4.727313797714797]
[0.21135741569997088, 4.731322043696514]
[0.21107227121650673, 4.739706460648979]
[0.21038426055807935, 4.7532072853137075]
[0.21006995517867746, 4.760319004921186]
[0.20974399293980578, 4.767716996247845]
[0.20962656654806575, 4.7703877255019]
[0.20933687252508446, 4.776989299293997]
[0.2091765893343804, 4.780649704549128]
[0.20877531562809484, 4.789838286157189]
[0.2084285079141496, 4.797808178965105]
[0.20783157976951883, 4.811588311598173]
[0.20742529912602697, 4.821012693309037]
[0.20727666839339431, 4.824469670180539]
[0.20655596439437185, 4.841302951149483]
[0.20632226231927286, 4.846786714913742]
[0.20586005477109598, 4.857668968911622]
[0.20547881565141424, 4.866681739573854]
[0.20512676806116584, 4.875034153035622]
[0.20448111466287625, 4.890427175383307]
[0.20414708830327064, 4.898428913737189]
[0.20397158933588025, 4.902643565488422]
[0.20368995444744314, 4.909422277169902]
[0.20355482166588176, 4.912681467410369]
[0.20324994329968074, 4.920050573030447]
[0.2027298888114765, 4.932671772586649]
[0.20249433060285105, 4.938409865712657]
[0.20219933669173257, 4.945614641281301]
[0.2017804997629126, 4.955880281667341]
[0.20144673614013364, 4.964091348218041]
[0.2010757599872961, 4.973249883840696]
[0.2007135089855881, 4.982225686023971]
[0.2000194701858004, 4.999513292736394]
[0.19975531919444195, 5.006124512892693]
[0.1993067474974934, 5.017391596401304]
[0.19882628911727432, 5.029515988251267]
[0.19870618958847688, 5.032555865879232]
[0.19839482606585454, 5.04045402710282]
[0.19795773898471591, 5.051583257763966]
[0.19751105293849847, 5.063007791829163]
[0.19715771513855068, 5.072081502350844]
[0.1969876760351027, 5.076459706148331]
[0.19665580827244555, 5.085026518080804]
[0.19626504702083458, 5.095150742219753]
[0.19592764840781274, 5.103924883120908]
[0.19543793303401708, 5.116713958625137]
[0.19520436798004384, 5.122836186238579]
[0.19465656754779098, 5.13725281709021]
[0.19423012717612292, 5.148531870615651]
[0.19398617837321533, 5.155006446263777]
[0.19356593931289517, 5.166198162495529]
[0.19334021694769002, 5.172229636374926]
[0.19310697096605775, 5.178476960190987]
[0.19273467618813245, 5.188479934061676]
[0.19239314563320906, 5.197690368379681]
[0.19202304570995063, 5.207708253469183]
[0.1916796177490213, 5.217038784527239]
[0.19137802436685242, 5.225260336490362]
[0.1908284349503866, 5.240309182748313]
[0.19028745678272027, 5.255207131922783]
[0.19018626950542958, 5.258003128198754]
[0.18979765201202312, 5.268769078010791]
[0.18905375499786914, 5.289500861864771]
[0.18866686116855105, 5.300347892609613]
[0.1886113309842131, 5.3019083995738345]
[0.18831360800812078, 5.310290693155198]
[0.1878593016657981, 5.323132744201302]
[0.18689599723019876, 5.350569379869092]
[0.18646787826467812, 5.362853963407949]
[0.18608073463188163, 5.374011457866782]
[0.18581600357775843, 5.381667782891101]
[0.1851568902289956, 5.400825207008148]
[0.184304098644231, 5.425815309350971]
[0.18387452240331661, 5.438491352306907]
[0.18357489839691632, 5.447367852209569]
[0.18305285592069642, 5.4629030231204245]
[0.18251021395394962, 5.4791454041707315]
[0.1823093925034584, 5.485180912887031]
[0.18198207837129818, 5.495046594421782]
[0.18172554133164343, 5.502803803319156]
[0.1814648548972128, 5.510708950041209]
[0.18126489047801708, 5.516788151102406]
[0.18101405242467408, 5.524432974153391]
[0.18095509677080657, 5.52623284917239]
[0.18046307610324686, 5.54129975833881]
[0.180281195805557, 5.5468902096619885]
[0.18005296190777575, 5.55392140959173]
[0.1797929790674278, 5.56195244768134]
[0.17932238670066045, 5.576548574881961]
[0.17855094264912175, 5.600642512233294]
[0.17843137895868003, 5.604395403072985]
[0.1780104333694762, 5.617648252810063]
[0.17774638028261766, 5.625993611852994]
[0.17755495269491883, 5.632059172791621]
[0.17711398811858703, 5.646081433898083]
[0.17700845429435, 5.649447671787954]
[0.17676162890343186, 5.657336415169145]
[0.17639631822517576, 5.669052563350369]
[0.17615066234148763, 5.67695850079399]
[0.1755513670439261, 5.696338438365918]
[0.17516842642120825, 5.7087913640064905]
[0.17496863905546994, 5.715309928672258]
[0.17456668051774704, 5.728470043848583]
[0.1743758373329802, 5.734739487389215]
[0.17411803761225195, 5.743230360928639]
[0.1738291028304787, 5.752776627830946]
[0.17364201412491923, 5.758974894639228]
[0.17326469168764835, 5.771516344499909]
[0.1728920574063297, 5.783955694678368]
[0.17266510657235107, 5.791558119943445]
[0.17243501483941284, 5.799286188662383]
[0.17191566787470686, 5.816805485866511]
[0.17166517834254671, 5.825293222860637]
[0.1715959848370506, 5.827642184924144]
[0.17126769168986117, 5.838812855671825]
[0.17106678691863736, 5.845670091854938]
[0.17067335960913746, 5.859145225066879]
[0.17044146277213879, 5.86711697808466]
[0.17013018588106463, 5.877851686467236]
[0.16978786023013437, 5.889702589128439]
[0.16958101439069173, 5.89688653292364]
[0.16915506600288777, 5.911735448602694]
[0.16891326401365234, 5.920198190706773]
[0.1686210445247295, 5.930457866742384]
[0.16854154420234307, 5.933255238242311]
[0.16836072218462203, 5.939627646069455]
[0.1679156541938401, 5.955370896185833]
[0.1676328313137851, 5.965418541002512]
[0.16743687623484965, 5.972400002239554]
[0.1670319304429927, 5.986879259240172]
[0.16697929333152622, 5.988766511393522]
[0.1666630405566302, 6.000130542801489]
[0.16640509907799736, 6.009431234623888]
[0.1660357866984646, 6.022797975571898]
[0.1657367859757907, 6.033663523232982]
[0.16525064686185595, 6.051413528420054]
[0.1650201821228536, 6.0598648428076745]
[0.16466232240957396, 6.0730347135068525]
[0.1643209957779303, 6.0856495864438305]
[0.16408408110465567, 6.094436421057706]
[0.1638395244533592, 6.103533340544294]
[0.16362150348831178, 6.111666123832156]
[0.163292188102018, 6.123991671758618]
[0.1631639568385524, 6.12880454345368]
[0.1626551482870881, 6.147976320030087]
[0.16241500123256097, 6.157066726663423]
[0.16207567406084888, 6.169957372039464]
[0.16199653249823198, 6.172971634506522]
[0.16180630531728077, 6.180228873276182]
[0.16168992442175512, 6.1846772677781745]
[0.16126128951965263, 6.201116231791833]
[0.1610997756743732, 6.207333286554502]
[0.16066449696305493, 6.224150443330063]
[0.1603315261450213, 6.237076537869982]
[0.1600861518911278, 6.246636502825585]
[0.1598083103266043, 6.25749685955802]
[0.1591459341433224, 6.283540986346706]
[0.1590892854891012, 6.285778435207741]
[0.1587867910072774, 6.297753066589579]
[0.15853309988630462, 6.307830987454174]
[0.15840430040587405, 6.312959922412039]
[0.1581404858191649, 6.3234913869147285]
[0.15793707672266483, 6.331635488961121]
[0.1578070082684277, 6.336854180132563]
[0.1576301498833788, 6.343964024267189]
[0.15743485120391956, 6.351833741721754]
[0.1572431700447659, 6.359576697132905]
[0.1570364514617036, 6.367948273741205]
[0.1565904116186445, 6.386087051328336]
[0.15629980692501622, 6.397960558452534]
[0.15621651324787222, 6.401371911388636]
[0.15585617061077525, 6.416172013473454]
[0.15570677295871274, 6.422328207040553]
[0.15558178403273942, 6.4274876793389115]
[0.15536420135185613, 6.436489173817344]
[0.1551716932909312, 6.444474367661255]
[0.15477769388565238, 6.460879309513334]
[0.15455416008901005, 6.470223767668791]
[0.154172140093359, 6.486256202932966]
[0.1539911924284929, 6.4938778915187525]
[0.15384019311089364, 6.500251850822648]
[0.15353675560168825, 6.513098417907459]
[0.15333860967391624, 6.521514719134078]
[0.15324270291807662, 6.525596201044554]
[0.15303237013278487, 6.534565197757237]
[0.15285361672158793, 6.542206991552116]
[0.15278823152182228, 6.545006706600783]
[0.15255772000451473, 6.554896074550711]
[0.1523876094459393, 6.562213316659173]
[0.1521927439414502, 6.570615484695566]
[0.15193633678299986, 6.581704029288469]
[0.15182889851112574, 6.586361422668965]
[0.151595176195499, 6.596515965062026]
[0.15142793091669857, 6.603801517634855]
[0.15127993575911036, 6.610261929198222]
[0.15107636256014326, 6.619169160906304]
[0.15093698220478052, 6.625281527381218]
[0.15074108549497062, 6.6338914617499185]
[0.15066693266896672, 6.637156423680037]
[0.15042288453034341, 6.647924636748202]
[0.1499320388316555, 6.6696885321676]
[0.14983178671616468, 6.674151205941099]
[0.14956515272977478, 6.6860494022076065]
[0.14936634284144634, 6.694948681052656]
[0.1490730334050691, 6.708121362786972]
[0.14887166951838274, 6.717194770738563]
[0.1487233394899421, 6.723894201337701]
[0.1485297827830303, 6.732656449520177]
[0.1484833070385053, 6.7347637922738075]
[0.14828480948086611, 6.743779106578241]
[0.1480901331240994, 6.752644345062482]
[0.1479595639322644, 6.75860331987595]
[0.14772640788506883, 6.769270398681868]
[0.14756082501959117, 6.776866420116812]
[0.1472421568788928, 6.791533221171865]
[0.14704607211575926, 6.800589676497912]
[0.146910388826924, 6.8068705554792714]
[0.14671895556044037, 6.815751899133806]
[0.14661824504994025, 6.820433566500443]
[0.14646078163836657, 6.827766374135218]
[0.14636484103964495, 6.8322419024739425]
[0.1460225517469217, 6.84825725914683]
[0.14586889809410733, 6.855470995296406]
[0.14573101473250502, 6.86195729739163]
[0.1454920649868934, 6.8732270731746405]
[0.14532446624549633, 6.8811537784057775]
[0.14521487687096496, 6.88634678173215]
[0.1448896463626596, 6.9018044084184895]
[0.14474320058885032, 6.908787396794864]
[0.14467299544783513, 6.912140008607003]
[0.14450688423579258, 6.920085539788507]
[0.14436451829578895, 6.926909823860574]
[0.14423547653448704, 6.933107055398383]
[0.144002931270309, 6.94430308590658]
[0.14384936805028897, 6.9517163234975445]
[0.14362486483221398, 6.962582705774686]
[0.14344479906077034, 6.971322812312981]
[0.1434350893237121, 6.971794731086657]
[0.143227342265613, 6.981907114812719]
[0.143137367187392, 6.986295889394305]
[0.1430191043058898, 6.992072876230551]
[0.14280065621210222, 7.002768940464091]
[0.14253551903345568, 7.015795127986883]
[0.14245626171281625, 7.019698453241341]
[0.14215059399519703, 7.034792974792549]
[0.14198834662587675, 7.042831498241803]
[0.14166604309796668, 7.058854600099669]
[0.1414892035988039, 7.06767707051009]
[0.1413056262426888, 7.076859050767911]
[0.14113990589235623, 7.085168391444687]
[0.140949634043398, 7.0947328582073705]
[0.14088141583216832, 7.0981683005748435]
[0.1406694927001851, 7.108861920269683]
[0.14052740915488257, 7.116049502469998]
[0.14047340948739875, 7.118784997453241]
[0.14027032339251402, 7.129091712448195]
[0.14009183590152186, 7.138174709216847]
[0.140037691183856, 7.140934640853914]
[0.1398535600683067, 7.150336391233688]
[0.1395987846461532, 7.163386146482158]
[0.13942452073797124, 7.172339518952762]
[0.13926107036224677, 7.180757676203362]
[0.13909717376309902, 7.189218680338775]
[0.13895017994867737, 7.19682407298328]
[0.13877660552991705, 7.205825478880321]
[0.1387725857338646, 7.206034208498361]
[0.13858898597010458, 7.215580610537931]
[0.13828227175632185, 7.231584984098173]
[0.13811277065992456, 7.240460061888865]
[0.13800219420888257, 7.246261595568417]
[0.1379043149108132, 7.251404719618306]
[0.13760298262279133, 7.267701083241774]
[0.13747265732149408, 7.274173784692298]
[0.13730567241123076, 7.283020303815257]
[0.1371173414858781, 7.293023545843699]
[0.13689888111345203, 7.304661600347715]
[0.13675079682689825, 7.312571650063721]
[0.13648603246667387, 7.3267570455912585]
[0.13626524172804183, 7.338628599036283]
[0.13612005654794868, 7.346455954841211]
[0.13596880547825263, 7.354628118432237]
[0.13568510410821072, 7.370005768669245]
[0.13525529691131644, 7.393425786907816]
[0.135085756028396, 7.4027049883023395]
[0.1349546545420237, 7.409896334391406]
[0.13478111264832368, 7.41943719228109]
[0.13470897187175612, 7.423410527934301]
[0.13448893552363167, 7.435555914741294]
[0.1343340363002876, 7.444129779325771]
[0.13408983999585047, 7.457686578125128]
[0.13395914700205963, 7.4652912405466205]
[0.13387120618194898, 7.469866213357826]
[0.13373586973120977, 7.477425480612337]
[0.133570786814914, 7.4866669864397615]
[0.13355804864824453, 7.487381031103017]
[0.13336071363433707, 7.498460174275229]
[0.13332733901600943, 7.500337195508896]
[0.1331753048098348, 7.508899652438801]
[0.1330689517131798, 7.514901012787907]
[0.13291093177267674, 7.523835599244333]
[0.13244192464189736, 7.550479221015903]
[0.13230978846512922, 7.558019792795255]
[0.13216292878484043, 7.5664182777606825]
[0.13199732401938397, 7.575911159025836]
[0.13162136940815938, 7.597550492724236]
[0.13152857589079822, 7.602910570781602]
[0.13141495882297527, 7.609483798165374]
[0.13123783061563793, 7.619754115935858]
[0.1310757185750431, 7.629178087835412]
[0.13098731818478068, 7.634326848262699]
[0.13077647986500288, 7.646634937966473]
[0.13054828064554508, 7.660001304154477]
[0.130412035239664, 7.668003939684367]
[0.1301940493403977, 7.680842596618675]
[0.13004470819747288, 7.689663146319649]
[0.1298415819134476, 7.701692980501424]
[0.1296437980692449, 7.713442639700231]
[0.1295022446728452, 7.721873875825458]
[0.1292326422607919, 7.737983086208179]
[0.1290669613978752, 7.747916191482158]
[0.1289324737434443, 7.755997934157732]
[0.12880409681839974, 7.763728209747048]
[0.12872872250345857, 7.768274092622436]
[0.12860401690477366, 7.775806884325096]
[0.12842609876501204, 7.786579282687333]
[0.1283407410861064, 7.791758030515655]
[0.12809178891107384, 7.806901664042164]
[0.1280213315295817, 7.811198243699969]
[0.1278815157649942, 7.81973840408401]
[0.12777563119281626, 7.826218431987065]
[0.1275800465671492, 7.8382162956310735]
[0.1273900007751511, 7.8499096782725]
[0.1272450871452469, 7.858849582605311]
[0.12701159123846234, 7.873297155395173]
[0.12692036412161822, 7.878956280347379]
[0.12671539391618977, 7.891700993025403]
[0.12645555384181667, 7.907916810446306]
[0.12637495880127447, 7.912960047508361]
[0.1262593603188795, 7.920204866192963]
[0.12620799861584941, 7.923428078784369]
[0.12602639845146751, 7.9348454949706255]
[0.1259739172617169, 7.938151180314984]
[0.1257401233807368, 7.9529109174804455]
[0.12553468728587933, 7.965925766180518]
[0.12546559408629254, 7.9703125568609785]
[0.12532199452315243, 7.979445298528635]
[0.12526603383668422, 7.9830099937845205]
[0.12497994185643335, 8.001283927213837]
[0.12490053361804082, 8.006370917982679]
[0.12472230199515053, 8.01781224370668]
[0.12457320534721086, 8.027408439983514]
[0.12456421802842643, 8.027987618176136]
[0.12442278814212468, 8.037112935113846]
[0.12427126479548803, 8.046912547689042]
[0.12416095579170736, 8.054061710652435]
[0.1240079892493355, 8.063996570328703]
[0.12386841084844019, 8.073083307927112]
[0.12364330204919848, 8.087781411742736]
[0.12356287067619356, 8.09304603015076]
[0.12346647840537006, 8.0993644017023]
[0.12330458598824164, 8.109998439923073]
[0.12318274340678104, 8.118020205945108]
[0.12305867140530746, 8.126205074215278]
[0.12293464283778742, 8.134403589714761]
[0.1228019006943186, 8.143196435446253]
[0.1227650014937233, 8.14564401769773]
[0.12265100796596584, 8.153214690885278]
[0.12261754276546151, 8.155439894214522]
[0.12238259638215654, 8.17109645947829]
[0.1223660984844796, 8.172198120109515]
[0.12219923042013833, 8.18335759203931]
[0.12208219895716586, 8.191202391028876]
[0.12187917071724855, 8.204847424831373]
[0.12173382029667781, 8.214644028774398]
[0.12161194083836264, 8.222876743075123]
[0.12148592532206615, 8.231406208982174]
[0.12146829220090974, 8.23260113302647]
[0.12125723635629929, 8.24693049296971]
[0.12102591451528394, 8.262693192652666]
[0.12082367353042472, 8.276523720727537]
[0.12072581829944501, 8.283232320029734]
[0.12060918425219733, 8.291242546744789]
[0.12054607199436834, 8.295583451667492]
[0.12036971409040001, 8.30773760290716]
[0.12016682473630669, 8.32176436545106]
[0.120068696114849, 8.32856549923281]
[0.11992913836256607, 8.338257187980714]
[0.1198011934614836, 8.347162253617304]
[0.11966676208482865, 8.356539297780332]
[0.11959868794961456, 8.361295739475734]
[0.1194994867791528, 8.368236776180485]
[0.11936638541934723, 8.377567909817241]
[0.119268741843765, 8.384426502209111]
[0.11922870939518537, 8.387241672519366]
[0.11910150470163464, 8.39619954848711]
[0.1189836448367605, 8.4045164473819]
[0.11879411795370723, 8.417925207287528]
[0.11868468199824869, 8.425687149877993]
[0.11854434303084734, 8.435661917159408]
[0.1184081442578962, 8.4453650233887]
[0.11840247495871002, 8.44576940092448]
[0.1182328807025139, 8.45788408485202]
[0.11811535259454162, 8.466299918120994]
[0.11799360013746636, 8.47503592427867]
[0.11790672029811915, 8.481280774086224]
[0.11780686235105164, 8.488469856875644]
[0.11765712380592208, 8.499272867230047]
[0.11757792843403149, 8.504997607276794]
[0.11745243445305795, 8.514084911536411]
[0.11729704689331327, 8.525363821900335]
[0.11724541157096216, 8.529118424346656]
[0.11711076363159617, 8.5389247665208]
[0.11697594407773826, 8.548766226117687]
[0.11690598499985963, 8.553881993305994]
[0.11684266371677077, 8.558517652627488]
[0.11669154971789256, 8.56960081871865]
[0.1166558220936982, 8.572225389632058]
[0.11653043739923602, 8.581448952894396]
[0.11651045045025797, 8.582921069616257]
[0.11635522943799469, 8.594370917663797]
[0.11619973681071204, 8.605871471369921]
[0.11614165941283144, 8.61017489379456]
[0.1159789224970498, 8.62225634166792]
[0.11576365267487382, 8.638289971797402]
[0.11563997526375089, 8.647528657103278]
[0.11549753736031904, 8.658193264158422]
[0.11545665069423836, 8.661259390316811]
[0.11532804970461322, 8.670917461634653]
[0.11509743090403785, 8.688291234178347]
[0.11507243403222031, 8.69017856804871]
[0.11496274959760015, 8.698469752161138]
[0.11485020107238994, 8.706993898684612]
[0.11481927418001665, 8.709339151823707]
[0.11468536938748361, 8.719508036123889]
[0.11456532372736955, 8.728644649751912]
[0.11443814681419091, 8.738344929891811]
[0.11431404928426618, 8.747831139401661]
[0.11416143193234848, 8.759525726627142]
[0.1141197795099882, 8.762722853950802]
[0.1140022597661659, 8.771755946339447]
[0.1139915036242028, 8.772583641818713]
[0.11387941388578746, 8.781218359649491]
[0.11372384235396107, 8.793230859080003]
[0.11365841910078675, 8.798292356268378]
[0.11353675075162278, 8.807720789787592]
[0.11343657983728664, 8.815498505282859]
[0.11330194948330491, 8.825973467891217]
[0.11317817260157668, 8.835625960496106]
[0.11311339772507713, 8.840685719922469]
[0.1129692037096424, 8.8519699808652]
[0.11292990391890309, 8.855050480855073]
[0.11284181425552746, 8.861963152555534]
[0.1127675799780228, 8.867796934144453]
[0.11270935074801763, 8.87237831966296]
[0.11260956741833068, 8.880240133461513]
[0.11255487877804105, 8.884554902075871]
[0.11244466254851022, 8.89326338249791]
[0.11230098616924387, 8.904641304689381]
[0.11210003448701478, 8.920603856868894]
[0.11205302047764351, 8.924346668544443]
[0.11183865980844393, 8.941451924699289]
[0.11177578887628666, 8.946481255496208]
[0.11164622143032543, 8.956863807738138]
[0.11154588269307085, 8.964920764951904]
[0.11143229604229515, 8.974059007277754]
[0.11125030875258432, 8.988739098459089]
[0.11110456491644752, 9.000530273009185]
[0.1110026025790909, 9.00879778280411]
[0.11081537032364219, 9.02401893419159]
[0.1107616047278524, 9.028399348827215]
[0.11065314070573055, 9.037249133844165]
[0.11052565390510849, 9.047673229407422]
[0.11049426515983671, 9.050243454295469]
[0.11039654275370525, 9.058254679505685]
[0.11032224118208678, 9.064355376442187]
[0.11022993763692754, 9.071945620560665]
[0.11013122550175228, 9.08007693044412]
[0.11003355948767748, 9.088136425432904]
[0.10992644214438645, 9.096992320432946]
[0.10981700918064624, 9.1060574992989]
[0.10967669425600426, 9.117707337767019]
[0.10962507588230466, 9.12200052726638]
[0.10947862820607769, 9.134202870332322]
[0.1093822965655899, 9.142247250224454]
[0.10926082836141857, 9.152410932600189]
[0.10913523054348027, 9.162943945966125]
[0.10902223491659718, 9.172440839843427]
[0.10893064519736072, 9.18015309822317]
[0.1088335390928908, 9.188344037461535]
[0.10871475832327757, 9.198383139723948]
[0.10867944432763614, 9.201372036696268]
[0.10857906979339624, 9.209878127550692]
[0.10847610759728642, 9.21861986155019]
[0.10843868324999192, 9.221801390695829]
[0.10833413442218862, 9.2307009728153]
[0.10820966946677693, 9.24131831219598]
[0.1081246771036739, 9.24858253256251]
[0.10806070875926521, 9.254057385721701]
[0.10800879902615153, 9.25850494604496]
[0.10792522530931144, 9.265674425362754]
[0.10773961712514094, 9.28163684523296]
[0.10760130363628236, 9.293567700445662]
[0.10753485466743953, 9.299310470940636]
[0.10749041162718982, 9.303155368576604]
[0.10733258171494717, 9.316835428926794]
[0.10722924983163018, 9.325813633595176]
[0.10710247475270242, 9.33685241455887]
[0.1070210714326893, 9.343954294355465]
[0.10689118914384386, 9.35530802874965]
[0.10683794951110472, 9.359969978608211]
[0.10675970585825775, 9.366829853649799]
[0.10657336338280532, 9.383207663326324]
[0.10648362343456583, 9.391115438652403]
[0.10638539240628822, 9.399786731819134]
[0.10629416016819065, 9.407854565271382]
[0.10624301875344387, 9.412383154517482]
[0.10613053557486359, 9.42235893358522]
[0.10608509468816689, 9.426394942093063]
[0.10598440416811161, 9.435350491887542]
[0.1058918534311744, 9.443597100224157]
[0.10573959248659189, 9.457195516682203]
[0.10562342636650826, 9.467596672446959]
[0.1055049371298804, 9.478229428912542]
[0.10534736477801859, 9.492406403398299]
[0.10525882167251158, 9.500391360177565]
[0.10519198224240404, 9.506427949000937]
[0.10512169836499267, 9.512783902405225]
[0.10508162830536531, 9.516411347319611]
[0.1050123421880027, 9.522690182547386]
[0.10498025222150328, 9.525601042470807]
[0.10489849453393225, 9.533025277846319]
[0.10487658540884527, 9.53501676376718]
[0.10478191484052385, 9.543631661265035]
[0.10471443012485414, 9.549782191505699]
[0.10467639802952108, 9.553251915660852]
[0.10457860023205359, 9.562185741452462]
[0.10442410394114815, 9.576333071180432]
[0.10434998344351536, 9.583135205203938]
[0.10426886899746203, 9.590590265483177]
[0.10420076187813138, 9.596858813465836]
[0.10408672487692563, 9.60737309375832]
[0.10407602132873947, 9.608361150176489]
[0.10394322455541974, 9.620636691589521]
[0.1038589208522909, 9.628445893658082]
[0.10371830295621745, 9.641499826912222]
[0.10371721106919762, 9.641601328180952]
[0.10353331971294562, 9.658726318952969]
[0.10348222161474163, 9.663495665206556]
[0.10342873212248305, 9.668493265640862]
[0.10331617570273674, 9.679026475749732]
[0.10318479860562461, 9.691350019706196]
[0.10316528575138859, 9.69318305781497]
[0.10309461318205836, 9.705008491161731]
[0.10296341810541629, 9.71218728360569]
[0.10286234334857866, 9.721730688277363]
[0.10284969594511391, 9.72292616726503]
[0.10273176281691898, 9.734087808676335]
[0.10265535687988821, 9.741332848027103]
[0.10246033447886949, 9.75987444396086]
[0.10239202773229107, 9.766385353892478]
[0.1023034850211099, 9.774838069237369]
[0.10221589637250388, 9.783214113348034]
[0.10210129779139338, 9.794194800962607]
[0.10202144089239777, 9.801861170091707]
[0.10195828400151472, 9.807932820693058]
[0.10185001852997475, 9.81835854753131]
[0.10176195642768353, 9.82685509501425]
[0.10169318752380664, 9.833500398105796]
[0.1016551058856649, 9.837184185561082]
[0.1015901778368145, 9.84347130099833]
[0.10144612708105856, 9.857448763923431]
[0.10138145314527883, 9.86373709367736]
[0.10129366112264995, 9.872286073154811]
[0.1011163574759736, 9.889596747367126]
[0.10101811130805599, 9.899214972951608]
[0.10088278619070545, 9.912493872935205]
[0.10080780372768834, 9.919866945036274]
[0.10070446596736639, 9.930046203949418]
[0.10060724237396917, 9.939642280253345]
[0.10058353866286918, 9.941984675561569]
[0.10049821577061062, 9.950425411357768]
[0.10039676148609497, 9.960480648955004]
[0.10037705982516265, 9.962435657527784]
[0.10027433160748246, 9.972641891191426]
[0.10020427809111604, 9.979613835356382]
[0.10011933759785796, 9.988080464701305]
[0.1000719395891947, 9.992811212664607]
[0.1, 10.0]
