[0.1, 0.0]
[0.1, 0.0]
[0.1, 0.0]
[0.1, 0.0]
[0.1, 0.0]
[0.1, 0.0]
[0.1, 0.0]
[0.1, 0.0]
[0.1, 0.0]
[0.1, 0.0]
[0.1, 0.0]
[0.1, 0.0]
[0.1, 0.0]
[0.1028242485801282, 0.0]
[0.10570358567150427, 0.0]
[0.10574153383180804, 0.0]
[1.0, 0.0]
[1.0, 0.0]
[1.0, 0.0]
[1.0, 0.0]
[1.0, 0.0]
[1.0, 0.0]
[1.0, 0.0]
[1.0, 0.0]
[1.0, 0.0]
[1.0, 0.0]
[1.0, 0.0]
[1.0, 0.0]
[1.0, 0.0]
[1.0, 0.0]
[1.0, 0.0]
[1.0, 0.0]
[1.0, 0.0]
[1.0, 0.0]
[1.0, 0.0]
[0.11028962034334758, 0.0]
[0.11062766304222668, 0.0]
[0.11216619013546898, 0.0]
[0.9918534465245961, 0.0]
[0.9910732285317804, 0.0]
[0.9904916860072255, 0.0]
[0.9900665843983777, 0.0]
[0.9891152735866573, 0.0]
[0.9887128092077465, 0.0]
[0.11687733520897904, 0.0]
[0.1178292736167503, 0.0]
[0.984499263172971, 0.0]
[0.9835142097970903, 0.0]
[0.9816604936524711, 0.0]
[0.12278751150622215, 0.0]
[0.12334503358288573, 0.0]
[0.9754323154911856, 0.0]
[0.9748652138416192, 0.0016354324748629077]
[0.1288847424571888, 0.0]
[0.13110395378806577, 0.0]
[0.9691858346104467, 0.0]
[0.9086710222348398, 0.0]
[0.13434591664838155, 0.0]
[0.9016515722536282, 0.0]
[0.907110942613604, 0.0]
[0.8996498402679807, 0.0]
[0.9067597877550209, 0.0]
[0.9093400034123126, 0.0]
[0.8979779038852995, 0.0]
[0.9095051806405433, 0.0]
[0.896528974254815, 0.0]
[0.8951099431557298, 0.0]
[0.8950453942147493, 0.0]
[0.9651067765735853, 0.0]
[0.8932694763749122, 0.0]
[0.1387124733260265, 0.014153019151079128]
[0.8875871779069266, 0.0]
[0.8867373134275791, 0.0]
[0.9614339662825452, 0.0]
[0.8862546697342888, 0.0]
[0.9598172227816855, 0.0022823387805204843]
[0.14144760832775088, 0.0]
[0.8839063100233303, 0.0]
[0.8834274158965295, 0.0]
[0.19200555426597762, 0.0]
[0.19139774368871348, 0.0]
[0.19509323471771442, 0.0]
[0.19076804115340518, 0.0]
[0.8827878035121962, 0.0]
[0.19913876434414332, 0.015454391398378215]
[0.1488274583627567, 0.048863856321934934]
[0.20181839146676778, 0.0]
[0.8808792736496818, 0.0]
[0.8806312509703982, 0.0]
[0.20493595170026074, 0.0]
[0.18832426344663455, 0.0]
[0.9181110541076474, 0.0]
[0.18729085427075703, 0.0]
[0.8787001213407789, 0.0]
[0.8786811338349546, 0.0]
[0.15046021685421815, 0.0]
[0.18623534977671968, 0.0]
[0.21316957981686796, 0.0]
[0.9197671061605832, 0.0]
[0.1519277877492995, 0.0]
[0.1854057503476377, 0.0]
[0.9202850900382193, 0.0]
[0.21434918541937772, 9.471904975976468E-4]
[0.15379112923792704, 0.0]
[0.9517521412025451, 0.0]
[0.1839463496299005, 0.0]
[0.21504940433478748, 0.0]
[0.9494762036787341, 0.0]
[0.18233720347554852, 0.0]
[0.21606580680107781, 0.0]
[0.9492144748561806, 0.0]
[0.9224937305980264, 0.0023089392381602544]
[0.21633605063978117, 0.0]
[0.15802227941502942, 0.0]
[0.9481308366572053, 0.0]
[0.2168752925938969, 0.0]
[0.1807207447674753, 0.0]
[0.9238690190655149, 0.0]
[0.17898303079523864, 0.008726688125848555]
[0.16177093679751448, 0.0]
[0.16514646857442278, 0.0]
[0.17535717993310385, 0.005829811189760677]
[0.17421640390573298, 0.0]
[0.17412926071684956, 0.0]
[0.9278287345104674, 0.0]
[0.16815254497100057, 0.0]
[0.17173055901929585, 0.0]
[0.17155745963492938, 0.0]
[0.17151387742219784, 0.0]
[0.17003951886199048, 0.0]
[0.8698890817046712, 0.0]
[0.92914301736427, 0.0]
[0.8694947064194318, 0.0]
[0.9373593343767559, 0.0]
[0.932657888209778, 0.0]
[0.867414829958071, 0.0]
[0.8672037473970686, 0.0029948105499761324]
[0.22421825332063994, 0.0]
[0.8645649295942083, 0.0]
[0.8586083623919009, 0.0]
[0.8584808766571417, 0.0]
[0.8569612541404005, 0.0]
[0.8542914909452992, 0.0]
[0.8536669009350137, 0.0]
[0.8526577993677634, 0.0]
[0.2363306218290838, 0.0]
[0.2378456013482011, 0.0]
[0.23867422713582728, 0.0]
[0.8487778806006422, 0.0]
[0.24027486176803403, 0.0]
[0.8453276512202241, 0.0]
[0.2430304254650458, 0.0]
[0.8389726088798333, 7.540866394974881E-5]
[0.8373389517884945, 0.0]
[0.24590038951743864, 0.0]
[0.24672051550220808, 0.0]
[0.2469762480869895, 0.0]
[0.8284566720091469, 0.0]
[0.8281384784023378, 0.0]
[0.8280772591922958, 0.0]
[0.24854568167428065, 0.0]
[0.24859522679809015, 0.0]
[0.8257964723226526, 0.0]
[0.8227434891816926, 0.0]
[0.2514555053623705, 0.0]
[0.25198018898481545, 0.0]
[0.8169422229322738, 0.0]
[0.25640953953277135, 0.0]
[0.8129417066438276, 0.0]
[0.25696870646566855, 0.0]
[0.8114780682240164, 0.0]
[0.8110338761123372, 0.0]
[0.26092436425712057, 0.0]
[0.8075988355471608, 0.0]
[0.8048620667852168, 0.0]
[0.2644081062085287, 0.0]
[0.2646377505711663, 0.0]
[0.8016111592836168, 0.0]
[0.8001260770627866, 0.0]
[0.8000419255100786, 0.0]
[0.799840202397965, 0.0]
[0.7988295124871356, 0.0]
[0.2685673759667294, 0.0]
[0.7976464715749119, 0.0]
[0.797125059498393, 0.0]
[0.7968594139414178, 0.0]
[0.795952444543369, 0.0]
[0.7929069667072516, 3.494106599537948E-4]
[0.2734004045696374, 0.0]
[0.27350058704057456, 0.0]
[0.7916535394659493, 0.0]
[0.7898756904345372, 0.0]
[0.7890622534604158, 0.0]
[0.7885391807703028, 0.0]
[0.7883018603747465, 0.0]
[0.2777039458943966, 0.0]
[0.7877194243868473, 0.0]
[0.28287536272844055, 0.0]
[0.782290953532074, 0.0]
[0.7810444632797638, 0.0]
[0.7800526588419074, 0.0]
[0.2845994044309852, 0.0]
[0.2847071513070978, 0.0]
[0.7784328808511172, 0.0]
[0.2864036773227737, 0.0]
[0.7749427176100179, 0.0]
[0.28937192119871774, 0.0]
[0.2899200524358413, 0.0]
[0.7734267093228584, 0.0]
[0.29068437185254, 0.0]
[0.7692406044741504, 0.002361224656451612]
[0.7665680481127755, 0.0]
[0.7665557663810569, 0.0]
[0.7663339154987336, 0.0]
[0.29525380814120644, 0.005809332632823001]
[0.7658529553512626, 0.0]
[0.2962036705753129, 0.0]
[0.7630430023668355, 0.0]
[0.2985249300374469, 0.0]
[0.7602723251446831, 0.0]
[0.298873734326952, 0.0]
[0.7597787105484676, 0.0]
[0.759635891106551, 0.0]
[0.30099433964009537, 0.0]
[0.30178215883046033, 0.0]
[0.3024073570697544, 0.0]
[0.7556998248589242, 0.0]
[0.3040234051403591, 0.0]
[0.3042956266558203, 0.0]
[0.30472603815996785, 0.0]
[0.304823657548175, 0.0]
[0.30515026389977856, 0.0]
[0.30521853935434573, 0.0]
[0.7528902200140204, 0.0]
[0.7521784124134921, 0.0]
[0.3068152325128932, 0.0]
[0.3069954562239868, 0.0]
[0.74949720826909, 0.0]
[0.3084409736522123, 0.0]
[0.7454147467482162, 0.0]
[0.744620413096687, 0.0]
[0.743452249845334, 0.0]
[0.7434092494469985, 0.0]
[0.31088426203590785, 0.0]
[0.3116411878820745, 0.0]
[0.7412833176976201, 0.0]
[0.7408554622654481, 0.0]
[0.3124434483587182, 0.0]
[0.7397741596880133, 0.0]
[0.7393268972465337, 0.0]
[0.7387129490712576, 0.0]
[0.7386435949742806, 0.0]
[0.7328436045470458, 0.0]
[0.7314155573786427, 0.0]
[0.7291833867486297, 0.0]
[0.7278114076634175, 0.0]
[0.7273708626021882, 0.0]
[0.727319318541737, 0.0]
[0.72379020367475, 0.0]
[0.3189749218513438, 0.0]
[0.7217257535155992, 0.0]
[0.7213315509296987, 0.0]
[0.7204264880753664, 0.0]
[0.7200116381124715, 0.0]
[0.7181059867190478, 0.0]
[0.3209104986291795, 0.0]
[0.3209374824769611, 0.0]
[0.3209731287111905, 0.0]
[0.7121773064547201, 0.0]
[0.7118818217456567, 0.0]
[0.7105786610504959, 0.0]
[0.7092386981925072, 0.0]
[0.7090420419088427, 8.716894523581593E-6]
[0.7076103852813258, 0.0]
[0.7051652902513466, 0.0]
[0.3246855482405974, 0.0]
[0.7030649200029446, 0.0]
[0.7017890051830424, 0.0]
[0.325971695821318, 0.0]
[0.32637163611727804, 0.0]
[0.6995580466360388, 0.0]
[0.6979351466251914, 0.0]
[0.3284979247795868, 0.0]
[0.32885339976576017, 0.0]
[0.6957836006224865, 0.0]
[0.32937180867253, 0.0]
[0.33055955075930676, 0.0]
[0.6934149342133673, 0.0]
[0.3316564807627319, 0.0]
[0.6897238747435339, 0.0]
[0.6891605308812959, 0.0]
[0.6884594911965148, 0.0]
[0.3341541332457775, 0.0]
[0.3343361025251614, 0.0]
[0.6867696563091968, 0.0]
[0.3346483113211408, 0.0]
[0.3357282153328087, 0.0]
[0.6855434239449824, 0.0]
[0.33653628048188533, 0.0]
[0.3366333948790795, 0.0]
[0.3379358072550787, 0.0]
[0.3380215018478775, 0.0]
[0.680770790467804, 0.0]
[0.3445694779655482, 0.0]
[0.6779958154946495, 0.0]
[0.3456497548102809, 0.0]
[0.38046167717571044, 0.0]
[0.3807272271108593, 0.0]
[0.6769877680564125, 0.0]
[0.6769061206439856, 0.0]
[0.3819006362366928, 0.0]
[0.377780131618641, 0.0]
[0.37787794828535465, 0.0]
[0.34708501240467715, 0.0]
[0.37314498922592937, 0.0]
[0.383936178971256, 0.0]
[0.38463717055446045, 0.0]
[0.38537210234705505, 0.0]
[0.38627588766837606, 5.366531699444041E-4]
[0.38636067525022433, 0.0]
[0.36950260415350544, 0.0]
[0.36904228322273286, 0.0]
[0.3675429406797205, 0.0]
[0.3655462904871253, 0.0]
[0.38833172155590345, 0.0]
[0.3638377359078192, 0.0]
[0.35130571624132645, 0.0]
[0.3519540457165856, 0.0]
[0.3554693909065357, 0.0]
[0.35404278448044724, 0.0]
[0.35386171900827595, 0.0]
[0.6733932097351233, 0.0]
[0.3608180937352703, 0.0]
[0.39176551074093163, 0.0]
[0.3927917622592938, 0.0]
[0.3947174176094544, 0.0]
[0.39523136778112805, 0.0]
[0.6710788082255563, 0.0]
[0.670560969267293, 0.0]
[0.6701393534512503, 0.0]
[0.6694666682841781, 0.0]
[0.6691522155792897, 0.0]
[0.6685249296061921, 0.0]
[0.3980116041582068, 0.0]
[0.3993297812327703, 0.0]
[0.39978842339365167, 0.0]
[0.6644576720687612, 0.0]
[0.4003893149130453, 0.0]
[0.40057734373478526, 0.0]
[0.5647055631038216, 0.0]
[0.5649258350738542, 0.0]
[0.6624435095910949, 0.0]
[0.40204311031895323, 0.0]
[0.566183533606533, 0.0]
[0.5666539979982786, 0.0]
[0.5611841808928378, 0.0]
[0.5675078404110323, 0.0]
[0.5608199360444408, 0.0]
[0.4029872982727453, 0.0]
[0.5686651126448233, 0.0]
[0.5593478744961076, 0.0]
[0.6585327775866694, 0.0]
[0.5698480187829381, 0.0]
[0.6581032711883824, 0.0]
[0.5704462174433607, 0.0]
[0.4047051193358257, 0.0]
[0.5574587622250632, 0.0]
[0.5712624552031104, 0.0]
[0.6565019367636469, 0.0]
[0.4058519776438629, 0.0]
[0.6560056396839982, 0.0]
[0.5733770314606474, 0.0]
[0.5738497142288098, 0.0]
[0.40671884852679663, 0.0]
[0.6548816697307465, 0.0]
[0.6544312997405245, 0.0]
[0.5760671063034929, 0.0]
[0.6541493729547084, 0.0]
[0.4076952131252738, 0.0]
[0.6533437358284098, 0.0]
[0.5529082227105893, 0.0]
[0.6531654128580325, 0.0037995308151056294]
[0.6532421970428752, 0.0]
[0.40873161839841227, 0.0]
[0.580282289651925, 0.0]
[0.40938738401984703, 0.0]
[0.5807458893570692, 0.0]
[0.581637254085147, 0.0]
[0.5515186468515655, 0.0]
[0.5828678146043702, 0.0]
[0.5874792623716113, 0.0]
[0.6501611352730637, 0.0]
[0.5891183911563723, 0.0]
[0.589778094078292, 0.0]
[0.591412667205124, 0.0]
[0.5916892022086342, 0.0]
[0.5918176757670026, 0.0]
[0.5938204356697133, 0.0]
[0.5947791610312411, 0.0]
[0.5951060264527681, 0.0]
[0.5490757867974849, 0.0]
[0.5965427490751668, 0.0]
[0.596620671916594, 0.0]
[0.5966819478295893, 0.0]
[0.5982570335234879, 0.0]
[0.5484307378109999, 0.0]
[0.41326473010933884, 0.0]
[0.5990487487831866, 0.0]
[0.6001141754210607, 0.0]
[0.6007998417847532, 0.0]
[0.602841605344168, 0.0]
[0.4146105099476153, 0.0]
[0.5464977820398862, 0.0]
[0.6467591956723608, 0.0]
[0.6060565240895953, 0.0]
[0.6457237934026402, 0.0]
[0.6068109272446836, 0.0]
[0.6084312571529938, 0.0]
[0.6446087942947732, 0.0]
[0.4169844845396403, 0.0]
[0.6441313418399679, 0.0]
[0.5446640362139047, 0.0]
[0.6098653210099856, 6.282405877016963E-4]
[0.6119587363618857, 0.0]
[0.6405639674708947, 0.0]
[0.6398571118718559, 0.0]
[0.41976619219351086, 0.0]
[0.6375185200078815, 0.0]
[0.6167938889858148, 0.0]
[0.6372637474526462, 0.0]
[0.6360783777644762, 0.0]
[0.6360549076901546, 0.0]
[0.6196264342786496, 0.0]
[0.6197001996676569, 0.0]
[0.4211835955935427, 0.0]
[0.5417608294632551, 0.0]
[0.42129664523462784, 0.0]
[0.6208045572218668, 0.0]
[0.6345252174675833, 0.0]
[0.6343754879438469, 0.0]
[0.6305162778722115, 0.0]
[0.6299284450894567, 0.0]
[0.6297245404320322, 0.0]
[0.628097846082483, 0.0]
[0.6247729853917715, 0.0]
[0.6278878454851111, 0.0]
[0.6254408478739351, 0.0]
[0.42307899857087183, 0.0]
[0.537523325516324, 0.0]
[0.4255859713171962, 0.0]
[0.4259269037030422, 0.0]
[0.426173795197813, 0.0]
[0.5332006124881389, 0.0]
[0.5323897411484276, 0.005324808206518582]
[0.5324293604336213, 0.0]
[0.4299706431784568, 0.0]
[0.52834571221437, 0.0]
[0.5268032461758252, 0.0]
[0.5263420376894, 0.0]
[0.5053725518591589, 0.0]
[0.505735222528426, 0.0]
[0.5027917212636406, 0.0]
[0.5005660493589857, 0.0]
[0.5004452658677774, 0.0]
[0.502404389659793, 0.0]
[0.507339277794312, 0.0]
[0.49980966525332304, 0.0]
[0.4990386747131097, 0.0]
[0.5097652309765565, 0.0]
[0.5101411956821591, 0.0]
[0.511826229466412, 0.0]
[0.4978279352889933, 0.0]
[0.5235510645997068, 0.0]
[0.512828940556019, 0.0]
[0.5128889066030967, 0.0]
[0.5135979089111584, 0.0]
[0.5142616843530903, 0.0]
[0.5150027047671534, 0.0]
[0.51712012646077, 0.0]
[0.5173886509464475, 0.0]
[0.5215354553959735, 0.0]
[0.5188537852992433, 0.0]
[0.49570398411989536, 0.0]
[0.495477753266565, 0.0]
[0.49391208609574194, 0.0]
[0.49322761825078576, 0.0]
[0.4336024280090951, 0.0]
[0.49036927478700754, 0.0]
[0.4858819596412079, 0.0]
[0.4361382243339962, 0.0]
[0.4854049287396434, 0.0]
[0.4843074705432898, 0.0]
[0.4807412021316029, 0.0]
[0.48071329519445183, 0.0]
[0.4375927146847829, 0.0]
[0.43769132882511885, 0.0]
[0.4790562487076061, 0.0]
[0.47771189688504756, 0.0]
[0.4775281257699018, 0.0]
[0.4758012853787809, 0.0]
[0.475703851952477, 0.0]
[0.4736060133917755, 0.0]
[0.4728618314595716, 0.0]
[0.4724376022754188, 0.0]
[0.4715536762996838, 0.0]
[0.4714182624168278, 0.0]
[0.47137430052164764, 0.0]
[0.44318642293566396, 0.011937302026956281]
[0.4684950067382911, 0.0]
[0.44530018470428107, 0.0]
[0.4457292603070733, 0.0]
[0.4674001800672711, 0.0]
[0.4469974507729054, 0.0]
[0.46551591897020245, 0.0]
[0.4651071541349755, 0.0]
[0.4648539413768992, 0.0]
[0.4642705484947564, 0.0]
[0.44889152785321773, 0.0]
[0.4494744683557678, 0.0]
[0.46174080754524677, 0.0]
[0.4614470514075442, 0.0]
[0.4613327450428529, 0.0]
[0.4611663935649952, 0.0]
[0.4583106462020884, 0.0]
[0.4517874547770925, 0.0]
[0.4565758952025855, 0.0]
[0.4561013108408203, 0.0]
[0.4554085709441309, 0.0]
[0.4551991079569449, 0.0]
[0.4540550469452261, 0.0]
[0.1, 0.15465691882265314]
[0.1, 0.1354135174640889]
[0.1, 0.010105063196009147]
[0.1, 0.11221537999820588]
[0.1, 0.016112384010284916]
[0.1, 0.10208483513555118]
[0.1, 0.10044215106352461]
[0.1, 0.027997393930822696]
[0.1, 0.09337325849717554]
[0.1, 0.03123372583853994]
[0.1, 0.04069240359911045]
[0.1, 0.04670408734710041]
[0.1, 0.04877573109908511]
[0.1, 0.049383976102686786]
[0.10121596526069275, 0.042490800175025954]
[0.10328388360644722, 0.05461373680912482]
[0.11614090426655233, 0.07873442169555517]
[0.11870062699511505, 0.08516381555339726]
[0.13022208374576213, 0.013060940911478343]
[0.1303649908691514, 0.0588269787176812]
[0.13586921886326828, 0.04444673643289091]
[1.0, 0.24468168834334977]
[0.14607589719635714, 0.08785013718704342]
[0.14814320269026113, 0.05231865703396426]
[0.19201975616797348, 0.17725216293335058]
[0.16627780473513634, 0.01563383884576557]
[0.1589515013542654, 0.08187418585959776]
[0.16354093164120265, 0.04836384862466648]
[0.16857788310403923, 0.02246548424891468]
[0.1639377742152022, 0.05335792143513605]
[0.1753850069263378, 0.12646566889250244]
[1.0, 0.17754761327052263]
[0.18714440664158127, 0.04160542918567136]
[0.18170248502272, 0.04948414614678415]
[0.18086915710082851, 0.051478370603613655]
[0.21309612565211808, 0.22092328419317264]
[1.0, 0.15215916995253045]
[1.0, 0.006956181231603163]
[1.0, 0.007720774447255355]
[1.0, 0.009633319305514004]
[1.0, 0.13208967751935927]
[1.0, 0.01368467805887249]
[1.0, 0.017073174109280966]
[1.0, 0.12491718775691225]
[1.0, 0.11588296809934549]
[0.9116754763979964, 0.17512361549684793]
[1.0, 0.038528702376443305]
[1.0, 0.03963856958086129]
[1.0, 0.10279087871062438]
[1.0, 0.05326274620707575]
[0.1985186162478791, 0.04371737303932049]
[1.0, 0.08619896840595154]
[1.0, 0.05964804053385878]
[0.22130612183310527, 0.22838807110776102]
[1.0, 0.07911860820683327]
[1.0, 0.06767944704349048]
[1.0, 0.07514295255944564]
[0.9996674484737755, 0.06147811484093057]
[0.9088571638955478, 0.004387218054782896]
[0.9970384452000001, 0.035425654210823776]
[0.9947566405958671, 0.01164596701069038]
[0.20340867014451075, 0.03614516017939259]
[0.9263220740256387, 0.20499833156530825]
[0.2038671983547402, 0.04929528323246024]
[0.20432740855325243, 0.06320875158643789]
[0.9114141815465444, 0.13534294670203859]
[0.2055512119279258, 0.06356521094257213]
[0.21044008182105403, 0.14353722859709198]
[0.9899973423059453, 0.018432631152702286]
[0.22002771300171542, 0.1798266286713046]
[0.21576271300647176, 0.1536771563331375]
[0.9006952761625912, 0.06952846404807335]
[0.9883992873898694, 0.0735181977737016]
[0.8900787753629967, 0.1467760418938052]
[0.9845539096115793, 0.02557901031537695]
[0.8903513379238525, 0.1410723423305555]
[0.8879660215649228, 0.009463736622063146]
[0.9151882686737364, 0.1149115096755782]
[0.21836255800068727, 0.022482675000539104]
[0.8929987148488743, 0.05672046856452672]
[0.9840382422191684, 0.09529123945119469]
[0.21889880747836582, 0.034194991524367946]
[0.21879221803627613, 0.04549542393637421]
[0.8822428048691867, 0.1624397858374812]
[0.8857781577713584, 0.14028564195967394]
[0.9723944779109446, 0.013511463269801214]
[0.887618833199927, 0.10917403466349614]
[0.9767417470355958, 0.056233016020459894]
[0.8566726618268685, 0.2398351089317684]
[0.9705898816295779, 0.01797638615799588]
[0.2401723012160687, 0.2314421135123168]
[0.22183309143021548, 0.0535324122191953]
[0.22160224714883012, 0.10799359902385222]
[0.8765451030108603, 0.15931629875432338]
[0.9698182992251272, 0.05876881260736386]
[0.9661815431266022, 0.11694440918845056]
[0.9264412101328291, 0.03279155415845173]
[0.9615872991908382, 0.018696190940146445]
[0.964190127632786, 0.034044942173230675]
[0.8817793702988858, 0.08123415094651143]
[0.87725800441061, 0.02564456608701779]
[0.9492475102743047, 0.007819452388887118]
[0.9331206287323809, 0.12945330637573677]
[0.879925660125969, 0.07860201483642368]
[0.9538599296232616, 0.12472048152280844]
[0.9587451301908009, 0.04781534401180252]
[0.9591204210923783, 0.056766548034937]
[0.9400025969563418, 0.03937638933610077]
[0.9460260233448989, 0.04680506438206238]
[0.8722785903063435, 0.020859910639542317]
[0.9416813439686924, 0.05503848843776047]
[0.22720549874905538, 0.09160533204362825]
[0.938817428945808, 0.058587224899249016]
[0.8732339515728278, 0.034106546122630164]
[0.30165503809972816, 0.2885545072055036]
[0.864420687281763, 0.01659633772022979]
[0.23228328704047443, 0.0772999106417664]
[0.23740799046069644, 0.013023667948540776]
[0.8529440955669126, 0.19692821643227096]
[0.24982946882866633, 0.215977844551558]
[0.8670827983832394, 0.11739118957059942]
[0.8636475436546464, 0.14390842786174105]
[0.8596946104836061, 0.008949715265753907]
[0.36784323000021835, 0.32049718926169524]
[0.8568213091777492, 0.16379019802562486]
[0.855192364807472, 0.004157039822817036]
[0.2437821009105421, 0.1580277375554249]
[0.858167087466237, 0.06769330421454603]
[0.8539818442460377, 0.03320634138648015]
[0.2452471744793375, 0.13498354769902382]
[0.24367282319274497, 0.08193519677355218]
[0.8503453530870131, 0.050011770020234485]
[0.2459722395591396, 0.0898373239153443]
[0.8467576419817447, 0.04915260237830066]
[0.8441702373437057, 0.05092788901949783]
[0.8396868355638613, 0.12539660023396168]
[0.25025590085040633, 0.08246355682203266]
[0.25091414756275987, 0.06544393369338618]
[0.8407166549203654, 0.07238675952046562]
[0.25759425541590275, 0.010701163288027239]
[0.8390412045187348, 0.09103098131492411]
[0.2536465201563253, 0.10348564443312845]
[0.8366075093343099, 0.07118794393044703]
[0.7994919980912901, 0.20371043472074907]
[0.25596188571301765, 0.06915874691868093]
[0.260219369941557, 0.02635690861802542]
[0.8191127752585257, 0.17210969026559378]
[0.2686225174900602, 0.00314843275600024]
[0.8221435434102914, 0.15241715255394594]
[0.268666059241237, 0.017151139306739442]
[0.635759475299788, 0.2713428477278212]
[0.8243457587212591, 0.0698716283315068]
[0.2642138431797212, 0.06867090322783252]
[0.2822146254360842, 0.16765355661856957]
[0.27137714112260297, 0.03540829631157537]
[0.8203729129627986, 0.04675931496901197]
[0.8091432557301279, 0.006785000120111966]
[0.27827487534296885, 0.023670719890864063]
[0.8073102173615749, 0.15761882864519175]
[0.27828435667033835, 0.024508591912486975]
[0.47356786618143887, 0.2548815000910772]
[0.8045517864474826, 0.160307105704157]
[0.8201221866800349, 0.06475641699126575]
[0.8010934197373819, 0.001587108917731726]
[0.8037852817536044, 0.00934134170232257]
[0.8030354024904737, 0.010451982743233381]
[0.8105746624302554, 0.027000922806569412]
[0.8167384658092324, 0.06661837425227099]
[0.7646005245981338, 0.18527231160265195]
[0.29645529925678055, 0.15687125825533427]
[0.30786656826814046, 0.17721110709925691]
[0.30639665247500814, 0.17313827132742599]
[0.3065618552637051, 0.012137895800039801]
[0.28032340433084757, 0.06318619532638141]
[0.2799894543728939, 0.07868020808444454]
[0.7866057540655534, 0.008016339407855544]
[0.29429839936383906, 0.13569118961562718]
[0.8100405279812534, 0.08888183099764468]
[0.8044318231521117, 0.11937769008963227]
[0.3125608128863361, 0.005716655634037281]
[0.7879408569258962, 0.018381884756531932]
[0.2862483058169218, 0.1048419964382388]
[0.8028924048459525, 0.04909414544665685]
[0.7934295299383508, 0.02959451389966742]
[0.803840559401514, 0.10175843917086771]
[0.7970060138716368, 0.046983964657520694]
[0.792952369145711, 0.0339755251405121]
[0.7904350696873041, 0.12846445106877522]
[0.3920878000740747, 0.2130990802635839]
[0.7988655614786527, 0.06398714168726045]
[0.3109982415078794, 0.021386594589957328]
[0.5346903619224114, 0.2396138816391945]
[0.3078827522602301, 0.14878443686617893]
[0.29848169992836115, 0.11166023986720841]
[0.7446455140452402, 0.1823515312331094]
[0.7801128714138414, 0.12665837280569803]
[0.30059144917504466, 0.10337449064475031]
[0.307770941233819, 0.0455302769301591]
[0.3080137133266219, 0.04640508879011049]
[0.7803673548337627, 0.11920575136621543]
[0.30193950042391293, 0.08989769255624136]
[0.30356811084368596, 0.06846838734878817]
[0.7823038761764858, 0.11049287012105716]
[0.7499284440588636, 0.16959750843858273]
[0.3077144783176899, 0.05455113773600835]
[0.7850289714657466, 0.09236479597393436]
[0.7691173684883212, 0.030163650271434885]
[0.7665151065452301, 0.11831317893380466]
[0.32600324892852234, 0.012250525745699108]
[0.3140436212674279, 0.05057779359660278]
[0.770450368955548, 0.06282132884665682]
[0.3174576029932124, 0.034722237839657895]
[0.7706655098905961, 0.07119112381404541]
[0.7706301608991024, 0.07753276341632799]
[0.7581618529658942, 0.013804266864077068]
[0.7567307365024138, 0.01224187268228978]
[0.6497662888824873, 0.22545094753535835]
[0.7657630565745165, 0.1110257256667397]
[0.3311313819045285, 0.012541969336283319]
[0.3128740447118745, 0.0847410170206297]
[0.3342595952201458, 0.008015161772478099]
[0.3133029669232562, 0.10710891766839584]
[0.3345575265549166, 0.007726773237811332]
[0.38969052194033865, 0.18704757514939305]
[0.3266354477229475, 0.1626145028727419]
[0.7446768969710884, 0.002843383980330284]
[0.3342309802939112, 0.166978654345915]
[0.38638251582919386, 0.18661327274489492]
[0.3212364385455255, 0.0451670414750197]
[0.7607947313330229, 0.08654658848828868]
[0.33540016532986305, 0.021692635778809498]
[0.3180746383242915, 0.07936626599948599]
[0.7533569948501873, 0.035413463541120224]
[0.7434388570435587, 0.12867404353543763]
[0.7503727476465213, 0.03555193607631404]
[0.3280045782660293, 0.04360826455356318]
[0.7170481183215209, 0.16928232971239565]
[0.6409897768651548, 0.2192398750874229]
[0.46719508187533487, 0.20521286622429474]
[0.36746627060505843, 0.00544308740931837]
[0.4676898147716699, 0.2038745095110008]
[0.7338946005683696, 0.13437808677661806]
[0.753771172879295, 0.0659928388115784]
[0.32411858294514206, 0.06986735853275731]
[0.732852995588548, 0.019191899163156334]
[0.39768699428028725, 0.15211638912945877]
[0.3263321062142384, 0.06721877582818318]
[0.3696986644573892, 0.18256690752768717]
[0.7480963807847049, 0.05157642536721422]
[0.32691391294966693, 0.0725213206202051]
[0.3249534380553471, 0.09847917201873552]
[0.32933170685442414, 0.060515333728164845]
[0.743399212666878, 0.04483959580843316]
[0.43480194298693825, 0.20678088356461882]
[0.7406229698863946, 0.04306005590423607]
[0.7439104650419778, 0.09503487344225585]
[0.4001842578374224, 0.04415076341216963]
[0.39135204465958395, 0.15234001511651896]
[0.7360053334237884, 0.1141492076173015]
[0.43064294916566237, 0.19762125223490282]
[0.4260090312049558, 0.004460764927597291]
[0.553946419157668, 0.18718449795156852]
[0.7188565007614081, 0.0024925141147009748]
[0.7374070489824149, 0.09691891976229838]
[0.39142696148181666, 0.14538436488669362]
[0.39221376472470504, 0.14104235279677108]
[0.40278384220842267, 0.11504178989555953]
[0.39785359510404383, 0.07419169308217022]
[0.39988325087441967, 0.07550590894186006]
[0.7327531798413244, 0.06296802427457639]
[0.346022247286264, 0.04260867283161482]
[0.40054632293289194, 0.07955811332044893]
[0.4289483040645543, 0.1838838385948831]
[0.3494414746596336, 0.040936996358545696]
[0.3402072637831768, 0.09385475489848658]
[0.3675113460698096, 0.15664186172792036]
[0.4059929927784754, 0.10411734677421676]
[0.40693353722477965, 0.11039913036846843]
[0.7244008083028388, 0.027955743051314853]
[0.47981577621371846, 0.17548984819237132]
[0.3680896275896714, 0.03860128490978141]
[0.5600632816385367, 0.17318874677220455]
[0.7263920108135323, 0.11222137967050415]
[0.39040918698407845, 0.11745837625288083]
[0.4179112924787369, 0.044062120472031285]
[0.7104913123884316, 0.15012468522741385]
[0.4163199228456924, 0.1369228255818512]
[0.7250627945452811, 0.0396841080403395]
[0.390170503805644, 0.08391522358857507]
[0.4226455521640613, 0.032927752389812645]
[0.4164446712168981, 0.056474682354270826]
[0.4096067478571641, 0.09478374911771487]
[0.38639158695770337, 0.11706759271425071]
[0.3707300488264936, 0.056271818191537926]
[0.3484997469850307, 0.10421546113183938]
[0.3816564358473444, 0.062466855250278334]
[0.3828360149214314, 0.12412417982972052]
[0.7241563985621181, 0.05527403922777096]
[0.4603371640630017, 0.010649809078019639]
[0.3839143501611815, 0.11166290763677299]
[0.4184459659048879, 0.068039931832295]
[0.424665193731473, 0.04204547916434797]
[0.3762410060081096, 0.06519945847841246]
[0.5779166514327622, 0.17998247050563942]
[0.38011309987308073, 0.11246394481521421]
[0.7201309008720331, 0.0943791773096378]
[0.7187313355741193, 0.09870361457451021]
[0.3597525831864743, 0.11343421443467468]
[0.4430035286592416, 0.18058430226254282]
[0.3649566009299969, 0.07588436636607572]
[0.4596773512191369, 0.01851213663584636]
[0.368240047993798, 0.0962208734071094]
[0.46424748215495854, 0.020870992978798755]
[0.4213509090054226, 0.11896572947640388]
[0.36276105523196406, 0.09795106925048523]
[0.48086233870940026, 0.017169696268294714]
[0.43717497874018824, 0.01766402300732117]
[0.45076991826846247, 0.015960142274848033]
[0.6553083551458142, 0.17284752473007145]
[0.42228606155796233, 0.08431721933347693]
[0.7070713303394429, 0.025009011987465888]
[0.5634309531734703, 0.15442277805510032]
[0.707538453551312, 0.029231667738846768]
[0.6807791292000988, 0.1721848139897872]
[0.4261520943765155, 0.12794831028853682]
[0.45592172176025747, 0.03315291026317954]
[0.4281796633943008, 0.06443866597021702]
[0.7082850558808482, 0.10707090068010104]
[0.4556499351135636, 0.14815714985002024]
[0.5538530563631646, 0.13572228938702324]
[0.48565928595633917, 0.025664856996655962]
[0.5649727390937769, 0.1456294410265484]
[0.5450374370472135, 0.0034388710001122995]
[0.5618971262468173, 0.008997001198222793]
[0.45834232848987577, 0.046258481884150264]
[0.541245807074362, 0.1528855720860175]
[0.5679663587540577, 0.0019828456681745014]
[0.45303156111654574, 0.1442578539492117]
[0.7076722067239164, 0.08742694360471427]
[0.4499401743294732, 0.14846512306071974]
[0.6484352634514627, 0.1627198084437188]
[0.5601280381225848, 0.01656261932136561]
[0.5660044220680344, 0.007582144990994438]
[0.5024809073879353, 0.005351527762585806]
[0.476757903317614, 0.07056334950707704]
[0.4830025711887291, 0.04297340347184762]
[0.4735539855180758, 0.09610209665027468]
[0.6965492487572613, 0.02010085751341935]
[0.47044635589451345, 0.07633787735695562]
[0.46143036926564657, 0.12193721798998527]
[0.5573458846062669, 0.02839085015692887]
[0.6874258031770396, 0.002027048895913662]
[0.5432397656821061, 0.011633647474947845]
[0.6964919803346101, 0.02308054579093392]
[0.48006936734058453, 0.06676741722945824]
[0.6905862829631843, 0.009315371108203628]
[0.5018101244175983, 0.15483821512687973]
[0.6934495664826767, 0.13992017594151326]
[0.4794168486145234, 0.08146191222757283]
[0.5173256535238968, 0.01086049099717786]
[0.6985283856248852, 0.11938647988255652]
[0.4369483571670142, 0.06212618252791339]
[0.4650428699441743, 0.08598639507297247]
[0.4955807444793248, 0.14419275387541616]
[0.45192482671738154, 0.12022382213824918]
[0.548240775758206, 0.031168259955001755]
[0.4956081842784484, 0.02864534733691039]
[0.5548413135707884, 0.09695619645959505]
[0.6504575910491867, 0.004297059645237769]
[0.5649818276492904, 0.029767153076332903]
[0.4935208627680239, 0.130967034135394]
[0.547695397361059, 0.03993512109246911]
[0.6842704918846522, 0.011838937546273985]
[0.6136401466473406, 0.1747104641561994]
[0.4972135962331534, 0.03283414571033194]
[0.5628219907325898, 0.10778439648761587]
[0.6257498325734829, 0.17198669416418302]
[0.4895187032885093, 0.05817455561846751]
[0.6838238376796228, 0.014054136006030808]
[0.44187579500243757, 0.08789538841465017]
[0.5484145116954153, 0.055026390590101976]
[0.5858742003084632, 0.00788952083895083]
[0.6931454257741666, 0.036797093929109036]
[0.5759931425705507, 0.018067647652466722]
[0.4435812022025869, 0.09620278720354197]
[0.4924474352473144, 0.05152485675372062]
[0.6716573912951584, 0.007914407836645767]
[0.5070684127750299, 0.030251058863863152]
[0.5184978122884198, 0.029375172487644947]
[0.6660676948316522, 0.13702364442468176]
[0.5622366077696666, 0.054996154219611466]
[0.4890551609197289, 0.09526921299008644]
[0.6474618206276369, 0.00697611379010724]
[0.570958726182369, 0.12090630244090579]
[0.5427602446225217, 0.11148975140219186]
[0.5467919024714865, 0.09129895600919101]
[0.6527668827768566, 0.1292171938646578]
[0.5968913741078763, 0.001357786439754069]
[0.49126361753031617, 0.07901732205646411]
[0.6887730970906236, 0.03447170292512946]
[0.5770119380453331, 0.025922310883784983]
[0.4972439389406402, 0.05026792322245304]
[0.6871617376083413, 0.1209745839495849]
[0.518481159176133, 0.11860135530669652]
[0.5665023825254112, 0.0918400627636532]
[0.5673977938993334, 0.09611322939597436]
[0.6424821799882107, 0.008080095933471185]
[0.5165796479384832, 0.04746662607986349]
[0.6407771996889486, 0.005885446567421579]
[0.5958399538234755, 0.009278017554516557]
[0.49514104490923005, 0.09592668930178853]
[0.6454384355069275, 0.013996570984389618]
[0.507230184596228, 0.11406170087228128]
[0.49766206583803946, 0.05944859948326741]
[0.5173539586019802, 0.11218276645674233]
[0.5676995841478866, 0.06286631639591884]
[0.526194474464478, 0.0422876060094614]
[0.5051455887798713, 0.05140590942661131]
[0.539760320823594, 0.060937950244400886]
[0.585856004509236, 0.12442299755846858]
[0.6723374612031581, 0.02575212197621697]
[0.6402402213501425, 0.14159356500219808]
[0.5330168016362518, 0.05016035360577591]
[0.6631641990946746, 0.03427966638310961]
[0.5112909195046106, 0.0582711390834234]
[0.523946323758713, 0.10526807503735883]
[0.689562179055879, 0.08529016478945603]
[0.6799021299842267, 0.11245588047988762]
[0.6473893340369655, 0.025748960589807936]
[0.5200436078977093, 0.0633588622210116]
[0.6861011777003936, 0.10265822598881065]
[0.537959546556602, 0.0794935341139466]
[0.6800711646541936, 0.03919492764917095]
[0.6001267139856598, 0.14058040845735054]
[0.5260045035900034, 0.06860575326483037]
[0.6523209884834915, 0.0971986911944676]
[0.5854331468526809, 0.03946089550659997]
[0.6545674285246065, 0.06770912735922353]
[0.6520000622053158, 0.09528456648275882]
[0.5753259434086089, 0.08425342564752927]
[0.6608787850976516, 0.08679465167834702]
[0.5826070239123354, 0.1016359079481347]
[0.661087686553889, 0.08284919825877737]
[0.667071765590425, 0.09362721940775114]
[0.6788868050108879, 0.08981882395741048]
[0.6688505608435945, 0.052745284120833937]
[0.6492429249116898, 0.061844862929316326]
[0.5929095027208451, 0.041023302642113124]
[0.6436390200366158, 0.03727947664258027]
[0.643506561057934, 0.11018135859627105]
[0.6108867750146701, 0.007341567400593174]
[0.6177597400051783, 0.004854735459280321]
[0.6472332715514917, 0.0657857681963323]
[0.5984229691932501, 0.033495020759673026]
[0.5943810834832626, 0.05116235935506585]
[0.6221972182329215, 0.007837583638470596]
[0.6280398115621415, 0.016313872462849457]
[0.6427638008590378, 0.08952643644651653]
[0.6328295295263967, 0.030517839947827686]
[0.6422610309033528, 0.08452633839068374]
[0.6037433730287735, 0.03273100676637294]
[0.6361665516988078, 0.060545104579274256]
[0.6141673274824614, 0.1206280454744519]
[0.6099108713717436, 0.04235527009743499]
[0.6097058460693376, 0.08523050916675505]
[0.6093272902631134, 0.07450371838936895]
[0.6231683519069726, 0.04515409815423266]
[0.6261401410268934, 0.07922632974468824]
[0.6146692275694823, 0.0635403985399166]
[0.6210685209898732, 0.09296558995740813]
