417.209618
4.037682
3.734459
3.382780
3.210846
3.108528
3.039732
2.988699
2.948235
2.914306
2.884390
2.856896
2.830802
2.805450
2.780430
2.755491
2.730466
2.705243
2.679766
2.654038
2.628103
2.602029
2.575896
2.549788
2.523787
2.497968
2.472399
2.447136
2.422221
2.397684
2.373538
2.349780
2.326392
2.303340
2.280576
2.258038
2.235657
2.213362
2.191094
2.168821
2.146564
2.124409
2.102517
2.081094
2.060346
2.040440
2.021482
2.003531
1.986605
1.970699
1.955795
1.941860
1.928857
1.916741
1.905466
1.894986
1.885253
1.876221
1.867845
1.860083
1.852896
1.846245
1.840094
1.834410
1.829161
1.824319
1.819855
1.815744
1.811961
1.808483
1.805289
1.802358
1.799672
1.797212
1.794961
1.792904
1.791026
1.789311
1.787747
1.786321
1.785021
1.783835
1.782753
1.781765
1.780860
1.780030
1.779266
1.778560
1.777903
1.777289
1.776711
1.776162
1.775635
1.775125
1.774625
1.774132
1.773640
1.773144
1.772640
1.772125
1.771595
1.771047
1.770479
1.769889
1.769276
1.768637
1.767973
1.767284
1.766570
1.765833
1.765072
1.764289
1.763486
1.762665
1.761828
1.760975
1.760109
1.759231
1.758342
1.757443
1.756535
1.755618
1.754693
1.753759
1.752817
1.751866
1.750906
1.749936
1.748955
1.747962
1.746957
1.745937
1.744903
1.743852
1.742783
1.741695
1.740585
1.739453
1.738295
1.737109
1.735894
1.734646
1.733364
1.732043
1.730680
1.729273
1.727818
1.726310
1.724746
1.723121
1.721431
1.719671
1.717838
1.715925
1.713930
1.711848
1.709674
1.707407
1.705043
1.702582
1.700022
1.697365
1.694612
1.691768
1.688837
1.685825
1.682739
1.679588
1.676380
1.673123
1.669826
1.666498
1.663146
1.659777
1.656397
1.653011
1.649622
1.646235
1.642850
1.639469
1.636091
1.632717
1.629344
1.625973
1.622600
1.619224
1.615844
1.612458
1.609063
1.605659
1.602246
1.598823
1.595391
1.591951
1.588505
1.585056
1.581608
1.578165
1.574733
1.571316
1.567922
1.564557
1.561229
1.557943
1.554707
1.551528
1.548410
1.545359
1.542378
1.539471
1.536639
1.533881
1.531198
1.528586
1.526043
1.523563
1.521142
1.518773
1.516449
1.514163
1.511907
1.509673
1.507453
1.505239
1.503023
1.500795
1.498547
1.496272
1.493960
1.491602
1.489190
1.486713
1.484163
1.481527
1.478795
1.475954
1.472990
1.469887
1.466627
1.463189
1.459550
1.455682
1.451550
1.447116
1.442330
1.437132
1.431449
1.425186
1.418224
1.410405
1.401522
1.391295
1.379340
1.365127
1.347929
1.326813
1.300570
1.266942
1.223952
1.173243
1.119698
1.088077
1.059155
1.022012
0.985349
0.952011
0.916399
0.852885
0.788685
0.749546
0.725675
0.707815
0.692778
0.679635
0.667924
0.657316
0.647553
0.638427
0.667987
0.660702
0.659753
0.659012
0.658205
0.657251
0.656104
0.654737
0.653141
0.651319
0.649287
0.647062
0.644669
0.642130
0.639470
0.636710
0.633873
0.630976
0.628037
0.625070
0.622087
0.619100
0.616116
0.613144
0.610190
0.607258
0.604353
0.601477
0.598634
0.595825
0.593052
0.590316
0.587618
0.584958
0.582338
0.579756
0.577213
0.574709
0.572244
0.569817
0.567428
0.565077
0.562763
0.560485
0.558244
0.556038
0.553866
0.551728
0.549624
0.547553
0.545513
0.543505
0.541527
0.539580
0.537661
0.535771
0.533909
0.532074
0.530265
0.528482
0.526725
0.524991
0.523282
0.521596
0.519933
0.518292
0.516673
0.515075
0.513497
0.511939
0.510401
0.508882
0.507381
0.505898
0.504433
0.502986
0.501555
0.500140
0.498742
0.497359
0.495991
0.494638
0.493300
0.491977
0.490667
0.489370
0.488088
0.486818
0.485561
0.484316
0.483084
0.481864
0.480655
0.479459
0.478273
0.477099
0.475935
0.474783
0.473641
0.472509
0.471387
0.470275
0.469174
0.468081
0.466999
0.465925
0.464861
0.463806
0.462760
0.461723
0.460694
0.459674
0.458662
0.457659
0.456663
0.455676
0.454697
0.453725
0.452762
0.451806
0.450857
0.449916
0.448982
0.448056
0.447137
0.446224
0.445319
0.444421
0.443530
0.442645
0.441767
0.440896
0.440031
0.439173
0.438322
0.437476
0.436638
0.435805
0.434979
0.434159
0.433345
0.432537
0.431735
0.430940
0.430150
0.429367
0.428589
0.427818
0.427053
0.426294
0.425540
0.424793
0.424052
0.423317
0.422589
0.421866
0.421150
0.420441
0.419738
0.419041
0.418352
0.417669
0.416994
0.416326
0.415666
0.415013
0.414368
0.413732
0.413104
0.412486
0.411877
0.411277
0.410688
0.410109
0.409541
0.408985
0.408440
0.407907
0.407386
0.406876
0.406379
0.405892
0.405414
0.404944
0.404480
0.404016
0.403549
0.403070
0.402570
0.402037
0.401452
0.400791
0.400021
0.399094
0.397938
0.396452
0.394489
0.391847
0.388273
0.383504
0.377361
0.369870
0.361327
0.352229
0.343110
0.334392
0.326333
0.319043
0.312534
0.306762
0.301656
0.297140
0.293135
0.289574
0.286394
0.283541
0.280970
0.278643
0.276526
0.274592
0.272817
0.271182
0.269669
0.268265
0.266957
0.265735
0.264589
0.263512
0.262497
0.261537
0.260628
0.259766
0.258945
0.258162
0.257414
0.256698
0.256012
0.255353
0.254719
0.254109
0.253519
0.252950
0.252399
0.251865
0.251347
0.250844
0.250355
0.249879
0.249415
0.248962
0.248520
0.248088
0.247666
0.247252
0.246847
0.246449
0.246059
0.245676
0.245300
0.244929
0.244565
0.244206
0.243853
0.243504
0.243161
0.242822
0.242487
0.242156
0.241830
0.241507
0.241187
0.240871
0.240559
0.240249
0.239942
0.239639
0.239337
0.239039
0.238743
0.238449
0.238158
0.237869
0.237582
0.237297
0.237014
0.236733
0.236454
0.236176
0.235900
0.235626
0.235353
0.235082
0.234813
0.234544
0.234278
0.234012
0.233748
0.233485
0.233223
0.232962
0.232703
0.232445
0.232187
0.231931
0.231676
0.231422
0.231168
0.230916
0.230665
0.230414
0.230165
0.229916
0.229668
0.229421
0.229175
0.228929
0.228684
0.228440
0.228197
0.227955
0.227713
0.227472
0.227232
0.226992
0.226753
0.226515
0.226277
0.226040
0.225804
0.225568
0.225333
0.225098
0.224864
0.224631
0.224398
0.224166
0.223935
0.223704
0.223474
0.223244
0.223015
0.222786
0.222558
0.222331
0.222104
0.221877
0.221651
0.221426
0.221201
0.220977
0.220754
0.220531
0.220308
0.220086
0.219865
0.219644
0.219423
0.219203
0.218984
0.218765
0.218547
0.218329
0.218112
0.217895
0.217679
0.217463
0.217248
0.217033
0.216819
0.216606
0.216393
0.216180
0.215968
0.215756
0.215545
0.215335
0.215125
0.214915
0.214706
0.214498
0.214290
0.214083
0.213876
0.213669
0.213463
0.213258
0.213053
0.212849
0.212645
0.212442
0.212239
0.212037
0.211835
0.211634
0.211434
0.211234
0.211035
0.210837
0.210640
0.210444
0.210250
0.210059
0.209872
0.209690
0.209516
0.209349
0.209188
0.209030
0.208874
0.208717
0.208562
0.208406
0.208252
0.208097
0.207943
0.207789
0.207635
0.207482
0.207329
0.207177
0.207024
0.206872
0.206721
0.206569
0.206418
0.206268
0.206117
0.205967
0.205817
0.205667
0.205518
0.205369
0.205220
0.205071
0.204923
0.204775
0.204627
0.204479
0.204331
0.204184
0.204037
0.203890
0.203743
0.203596
0.203450
0.203304
0.203158
0.203012
0.202866
0.202720
0.202575
0.202430
0.202285
0.202139
0.201995
0.201850
0.201705
0.201560
0.201416
0.201272
0.201127
0.200983
0.200839
0.200695
0.200551
0.200407
0.200263
0.200119
0.199975
0.199832
0.199688
0.199544
0.199401
0.199257
0.199114
0.198970
0.198826
0.198683
0.198539
0.198396
0.198252
0.198109
0.197965
0.197822
0.197678
0.197535
0.197391
0.197248
0.197104
0.196960
0.196817
0.196673
0.196529
0.196385
0.196241
0.196097
0.195953
0.195809
0.195665
0.195521
0.195377
0.195233
0.195088
0.194944
0.194800
0.194655
0.194511
0.194366
0.194221
0.194076
0.193931
0.193786
0.193641
0.193496
0.193351
0.193206
0.193060
0.192915
0.192769
0.192624
0.192478
0.192332
0.192186
0.192040
0.191894
0.191748
0.191602
0.191456
0.191309
0.191163
0.191016
0.190869
0.190722
0.190575
0.190428
0.190281
0.190134
0.189986
0.189839
0.189691
0.189544
0.189396
0.189248
0.189100
0.188952
0.188803
0.188655
0.188506
0.188358
0.188209
0.188060
0.187911
0.187762
0.187613
0.187463
0.187314
0.187164
0.187014
0.186864
0.186714
0.186564
0.186414
0.186263
0.186113
0.185962
0.185811
0.185660
0.185509
0.185358
0.185206
0.185055
0.184903
0.184751
0.184599
0.184446
0.184294
0.184141
0.183989
0.183836
0.183683
0.183530
0.183376
0.183223
0.183069
0.182915
0.182761
0.182607
0.182452
0.182298
0.182143
0.181988
0.181833
0.181677
0.181522
0.181366
0.181210
0.181054
0.180898
0.180741
0.180584
0.180427
0.180270
0.180113
0.179955
0.179798
0.179640
0.179481
0.179323
0.179164
0.179005
0.178846
0.178687
0.178528
0.178368
0.178208
0.178048
0.177887
0.177726
0.177565
0.177404
0.177243
0.177081
0.176919
0.176757
0.176595
0.176432
0.176269
0.176106
0.175942
0.175778
0.175614
0.175450
0.175285
0.175121
0.174955
0.174790
0.174624
0.174458
0.174292
0.174125
0.173959
0.173791
0.173624
0.173456
0.173288
0.173120
0.172951
0.172782
0.172613
0.172443
0.172273
0.172103
0.171932
0.171761
0.171590
0.171418
0.171246
0.171074
0.170901
0.170728
0.170554
0.170381
0.170207
0.170032
0.169857
0.169682
0.169506
0.169330
0.169154
0.168977
0.168800
0.168623
0.168445
0.168266
0.168088
0.167908
0.167729
0.167549
0.167369
0.167188
0.167007
0.166825
0.166643
0.166460
0.166277
0.166094
0.165910
0.165726
0.165541
0.165356
0.165171
0.164984
0.164798
0.164611
0.164423
0.164235
0.164047
0.163858
0.163669
0.163479
0.163288
0.163097
0.162906
0.162714
0.162521
0.162328
0.162135
0.161941
0.161746
0.161551
0.161356
0.161160
0.160963
0.160766
0.160568
0.160369
0.160170
0.159971
0.159771
0.159570
0.159369
0.159167
0.158965
0.158762
0.158558
0.158354
0.158149
0.157944
0.157738
0.157532
0.157324
0.157116
0.156908
0.156699
0.156489
0.156279
0.156068
0.155856
0.155644
0.155431
0.155217
0.155003
0.154788
0.154572
0.154356
0.154139
0.153921
0.153703
0.153484
0.153264
0.153043
0.152822
0.152600
0.152378
0.152155
0.151930
0.151706
0.151480
0.151254
0.151027
0.150799
0.150571
0.150342
0.150112
0.149881
0.149650
0.149418
0.149185
0.148951
0.148716
0.148481
0.148245
0.148008
0.147771
0.147532
0.147293
0.147053
0.146813
0.146571
0.146329
0.146086
0.145842
0.145597
0.145352
0.145105
0.144858
0.144610
0.144362
0.144112
0.143862
0.143611
0.143359
0.143106
0.142852
0.142598
0.142343
0.142087
0.141830
0.141573
0.141314
0.141055
0.140795
0.140534
0.140272
0.140010
0.139747
0.139483
0.139218
0.138952
0.138686
0.138419
0.138151
0.137882
0.137613
0.137342
0.137071
0.136799
0.136527
0.136253
0.135979
0.135705
0.135429
0.135153
0.134876
0.134598
0.134320
0.134041
0.133761
0.133480
0.133199
0.132918
0.132635
0.132352
0.132068
0.131784
0.131499
0.131213
0.130927
0.130641
0.130353
0.130066
0.129777
0.129488
0.129199
0.128909
0.128619
0.128328
0.128037
0.127745
0.127453
0.127161
0.126868
0.126575
0.126281
0.125987
0.125693
0.125399
0.125104
0.124809
0.124514
0.124218
0.123923
0.123627
0.123331
0.123035
0.122739
0.122443
0.122146
0.121850
0.121554
0.121257
0.120961
0.120665
0.120369
0.120073
0.119777
0.119481
0.119185
0.118890
0.118595
0.118300
0.118005
0.117711
0.117417
0.117123
0.116830
0.116537
0.116244
0.115952
0.115661
0.115369
0.115079
0.114789
0.114499
0.114210
0.113922
0.113634
0.113347
0.113060
0.112775
0.112490
0.112205
0.111922
0.111639
0.111357
0.111076
0.110795
0.110516
0.110237
0.109959
0.109682
0.109406
0.109131
0.108857
0.108584
0.108312
0.108041
0.107771
0.107501
0.107233
0.106966
0.106700
0.106436
0.106172
0.105909
0.105648
0.105387
0.105128
0.104870
0.104613
0.104357
0.104102
0.103849
0.103597
0.103346
0.103096
0.102848
0.102600
0.102354
0.102109
0.101866
0.101623
0.101382
0.101143
0.100904
0.100667
0.100431
0.100196
0.099963
0.099731
0.099500
0.099271
0.099043
0.098816
0.098591
0.098366
0.098144
0.097922
0.097702
0.097483
0.097266
0.097050
0.096835
0.096621
0.096409
0.096199
0.095989
0.095781
0.095574
0.095369
0.095165
0.094962
0.094761
0.094561
0.094362
0.094165
0.093969
0.093775
0.093581
0.093389
0.093199
0.093009
0.092822
0.092635
0.092450
0.092266
0.092083
0.091902
0.091722
0.091543
0.091366
0.091190
0.091015
0.090842
0.090670
0.090499
0.090329
0.090161
0.089994
0.089828
0.089664
0.089501
0.089339
0.089178
0.089019
0.088861
0.088704
0.088548
0.088394
0.088240
0.088089
0.087938
0.087788
0.087640
0.087493
0.087347
0.087202
0.087058
0.086916
0.086775
0.086635
0.086496
0.086358
0.086221
0.086086
0.085951
0.085818
0.085686
0.085554
0.085424
0.085295
0.085168
0.085041
0.084915
0.084790
0.084667
0.084544
0.084422
0.084302
0.084182
0.084064
0.083946
0.083830
0.083714
0.083599
0.083486
0.083373
0.083261
0.083150
0.083041
0.082932
0.082824
0.082716
0.082610
0.082505
0.082400
0.082297
0.082194
0.082092
0.081991
0.081891
0.081791
0.081693
0.081595
0.081498
0.081402
0.081306
0.081212
0.081118
0.081025
0.080932
0.080841
0.080750
0.080660
0.080570
0.080482
0.080394
0.080307
0.080220
0.080134
0.080049
0.079964
0.079880
0.079797
0.079714
0.079632
0.079551
0.079470
0.079390
0.079310
0.079231
0.079153
0.079075
0.078998
0.078921
0.078845
0.078770
0.078695
0.078620
0.078546
0.078473
0.078400
0.078328
0.078256
0.078184
0.078113
0.078043
0.081557
0.080224
0.079895
0.079759
0.079682
0.079629
0.079591
0.079560
0.079534
0.079510
0.079487
0.079466
0.079444
0.079422
0.079400
0.079378
0.079355
0.079331
0.079307
0.079283
0.079258
0.079232
0.079206
0.079179
0.079152
0.079124
0.079096
0.079067
0.079037
0.079007
0.078976
0.078945
0.078914
0.078881
0.078848
0.078815
0.078781
0.078746
0.078711
0.078675
0.078639
0.078602
0.078564
0.078526
0.078487
0.078448
0.078408
0.078367
0.078325
0.078283
0.078240
0.078197
0.078153
0.078108
0.078062
0.078016
0.077969
0.077921
0.077872
0.077823
0.077772
0.077721
0.077670
0.077617
0.077564
0.077509
0.077454
0.077398
0.077342
0.077284
0.077226
0.077166
0.077106
0.077045
0.076983
0.076920
0.076857
0.076792
0.076727
0.076661
0.076594
0.076526
0.076457
0.076388
0.076317
0.076246
0.076175
0.076102
0.076030
0.075956
0.075882
0.075808
0.075733
0.075658
0.075583
0.075507
0.075432
0.075357
0.075282
0.075208
0.075134
0.075061
0.074989
0.074918
0.074848
0.074779
0.074713
0.074648
0.074585
0.074524
0.074466
0.074410
0.074357
0.074306
0.074259
0.074214
0.074173
0.074134
0.074098
0.074065
0.074034
0.074006
0.073980
0.073956
0.073934
0.073913
0.073894
0.073876
0.073858
0.073841
0.073823
0.073806
0.073788
0.073770
0.073750
0.073730
0.073708
0.073685
0.073660
0.073634
0.073606
0.073576
0.073544
0.073510
0.073475
0.073437
0.073398
0.073356
0.073313
0.073267
0.073220
0.073171
0.073121
0.073068
0.073014
0.072959
0.072902
0.072843
0.072783
0.072722
0.072660
0.072596
0.072531
0.072466
0.072399
0.072332
0.072263
0.072194
0.072125
0.072054
0.071984
0.071912
0.071840
0.071768
0.071696
0.071623
0.071550
0.071477
0.071404
0.071331
0.071258
0.071184
0.071111
0.071038
0.070965
0.070893
0.070820
0.070748
0.070676
0.070605
0.070534
0.070463
0.070393
0.070323
0.070253
0.070185
0.070116
0.070049
0.069982
0.069915
0.069849
0.069784
0.069720
0.069656
0.069593
0.069530
0.069469
0.069408
0.069348
0.069289
0.069230
0.069173
0.069116
0.069060
0.069004
0.068950
0.068897
0.068844
0.068792
0.068741
0.068691
0.068642
0.068594
0.068546
0.068500
0.068454
0.068409
0.068365
0.068322
0.068280
0.068239
0.068198
0.068158
0.068120
0.068082
0.068044
0.068008
0.067973
0.067938
0.067904
0.067871
0.067839
0.067807
0.067776
0.067746
0.067717
0.067688
0.067661
0.067633
0.067607
0.067581
0.067556
0.067532
0.067508
0.067485
0.067462
0.067441
0.067419
0.067399
0.067378
0.067359
0.067340
0.067321
0.067303
0.067286
0.067269
0.067252
0.067236
0.067221
0.067206
0.067191
0.067177
0.067163
0.067149
0.067136
0.067123
0.067111
0.067099
0.067087
0.067076
0.067065
0.067054
0.067043
0.067033
0.067023
0.067013
0.067004
0.066995
0.066986
0.066977
0.066968
0.066960
0.066952
0.066944
0.066936
0.066928
0.066921
0.066914
0.066906
0.066899
0.066892
0.066886
0.066879
0.066872
0.066866
0.066859
0.066853
0.066847
0.066841
0.066834
0.066828
0.066822
0.066816
0.066811
0.066805
0.066799
