416.975910
416.803165
416.630594
416.458190
416.285948
416.113861
415.941922
415.770124
415.598462
415.426927
415.255514
415.084216
414.913025
414.741934
414.570935
414.400023
414.229188
414.058423
413.887720
413.717072
413.546470
413.375906
413.205372
413.034859
412.864358
412.693861
412.523358
412.352839
412.182297
412.011720
411.841098
411.670423
411.499683
411.328868
411.157967
410.986968
410.815862
410.644635
410.473277
410.301774
410.130115
409.958287
409.786277
409.614071
409.441656
409.269018
409.096142
408.923014
408.749619
408.575940
408.401962
408.227670
408.053045
407.878071
407.702730
407.527005
407.350876
407.174325
406.997332
406.819876
406.641938
406.463496
406.284528
406.105012
405.924926
405.744244
405.562944
405.381000
405.198386
405.015077
404.831045
404.646263
404.460702
404.274332
404.087123
403.899045
403.710066
403.520152
403.329270
403.137385
402.944463
402.750465
402.555355
402.359094
402.161643
401.962959
401.763003
401.561729
401.359095
401.155055
400.949562
400.742568
400.534024
400.323880
400.112083
399.898581
399.683319
399.466242
399.247291
399.026409
398.803535
398.578608
398.351564
398.122340
397.890869
397.657085
397.420918
397.182298
396.941154
396.697412
396.450999
396.201838
395.949852
395.694962
395.437089
395.176152
394.912069
394.644756
394.374128
394.100101
393.822587
393.541499
393.256750
392.968250
392.675909
392.379637
392.079344
391.774939
391.466329
391.153423
390.836131
390.514359
390.188016
389.857011
389.521253
389.180651
388.835114
388.484555
388.128883
387.768012
387.401855
387.030326
386.653342
386.270820
385.882679
385.488841
385.089229
384.683769
384.272388
383.855018
383.431592
383.002047
382.566326
382.124372
381.676135
381.221569
380.760633
380.293292
379.819518
379.339286
378.852583
378.359398
377.859732
377.353592
376.840996
376.321967
375.796541
375.264761
374.726682
374.182367
373.631887
373.075327
372.512777
371.944337
371.370116
370.790230
370.204802
369.613961
369.017841
368.416580
367.810321
367.199208
366.583384
365.962996
365.338189
364.709104
364.075881
363.438659
362.797569
362.152740
361.504295
360.852352
360.197021
359.538411
358.876619
358.211742
357.543865
356.873071
356.199437
355.523034
354.843926
354.162174
353.477835
352.790959
352.101594
351.409783
350.715568
350.018983
349.320065
348.618843
347.915348
347.209606
346.501644
345.791483
345.079148
344.364658
343.648035
342.929297
342.208462
341.485549
340.760576
340.033559
339.304515
338.573461
337.840413
337.105389
336.368404
335.629476
334.888621
334.145857
333.401201
332.654670
331.906282
331.156056
330.404010
329.650162
328.894533
328.137141
327.378007
326.617151
325.854594
325.090357
324.324461
323.556928
322.787782
322.017043
321.244736
320.470884
319.695511
318.918642
318.140300
317.360511
316.579300
315.796693
315.012715
314.227395
313.440757
312.652829
311.863639
311.073214
310.281582
309.488771
308.694810
307.899728
307.103554
306.306317
305.508046
304.708771
303.908523
303.107332
302.305228
301.502241
300.698402
299.893743
299.088294
298.282087
297.475153
296.667524
295.859231
295.050305
294.240779
293.430685
292.620054
291.808919
290.997311
290.185263
289.372806
288.559973
287.746796
286.933307
286.119537
285.305519
284.491285
283.676866
282.862295
282.047603
281.232821
280.417981
279.603115
278.788253
277.973428
277.158668
276.344007
275.529473
274.715098
273.900912
273.086945
272.273227
271.459788
270.646656
269.833862
269.021434
268.209402
267.397793
266.586637
265.775961
264.965794
264.156163
263.347096
262.538620
261.730762
260.923549
260.117007
259.311163
258.506043
257.701672
256.898077
256.095283
255.293315
254.492198
253.691957
252.892617
252.094202
251.296736
250.500243
249.704747
248.910272
248.116841
247.324478
246.533205
245.743047
244.954024
244.166162
243.379481
242.594004
241.809754
241.026752
240.245022
239.464584
238.685461
237.907674
237.131245
236.356195
235.582546
234.810320
234.039536
233.270218
232.502384
231.736057
230.971258
230.208007
229.446324
228.686231
227.927747
227.170894
226.415691
225.662159
224.910318
224.160188
223.411788
222.665139
221.920260
221.177170
220.435889
219.696437
218.958831
218.223092
217.489237
216.757285
216.027256
215.299166
214.573034
213.848878
213.126715
212.406562
211.688437
210.972357
210.258338
209.546395
208.836547
208.128807
207.423192
206.719716
206.018395
205.319242
204.622273
203.927500
203.234938
202.544599
201.856495
201.170640
200.487045
199.805721
199.126680
198.449933
197.775489
197.103358
196.433550
195.766074
195.100938
194.438151
193.777719
193.119651
192.463952
191.810629
191.159687
190.511133
189.864971
189.221205
188.579839
187.940877
187.304321
186.670175
186.038439
185.409117
184.782208
184.157714
183.535635
182.915971
182.298721
181.683884
181.071458
180.461442
179.853833
179.248629
178.645827
178.045422
177.447411
176.851789
176.258553
175.667696
175.079214
174.493101
173.909350
173.327955
172.748910
172.172207
171.597838
171.025797
170.456075
169.888663
169.323554
168.760738
168.200207
167.641951
167.085960
166.532224
165.980734
165.431480
164.884451
164.339635
163.797023
163.256604
162.718366
162.182298
161.648388
161.116624
160.586996
160.059491
159.534097
159.010801
158.489592
157.970458
157.453385
156.938361
156.425373
155.914409
155.405457
154.898502
154.393532
153.890535
153.389497
152.890405
152.393246
151.898007
151.404675
150.913237
150.423679
149.935989
149.450152
148.966157
148.483989
148.003636
147.525084
147.048321
146.573332
146.100106
145.628629
145.158887
144.690869
144.224560
143.759949
143.297021
142.835765
142.376168
141.918216
141.461897
141.007198
140.554108
140.102612
139.652700
139.204358
138.757574
138.312337
137.868633
137.426451
136.985778
136.546604
136.108915
135.672701
135.237949
134.804648
134.372786
133.942353
133.513336
133.085724
132.659507
132.234673
131.811212
131.389112
130.968362
130.548953
130.130874
129.714113
129.298661
128.884508
128.471643
128.060057
127.649740
127.240681
126.832871
126.426301
126.020961
125.616841
125.213934
124.812228
124.411717
124.012389
123.614238
123.217254
122.821429
122.426754
122.033222
121.640823
121.249551
120.859397
120.470353
120.082413
119.695567
119.309810
118.925134
118.541531
118.158995
117.777519
117.397096
117.017720
116.639384
116.262082
115.885808
115.510555
115.136319
114.763092
114.390870
114.019647
113.649417
113.280176
112.911918
112.544638
112.178332
111.812994
111.448621
111.085207
110.722749
110.361242
110.000682
109.641065
109.282388
108.924647
108.567837
108.211957
107.857002
107.502969
107.149856
106.797659
106.446376
106.096003
105.746539
105.397980
105.050325
104.703571
104.357716
104.012758
103.668695
103.325525
102.983246
102.641857
102.301357
101.961743
101.623015
101.285171
100.948210
100.612131
100.276933
99.942614
99.609175
99.276614
98.944931
98.614125
98.284195
97.955140
97.626961
97.299658
96.973228
96.647674
96.322993
95.999186
95.676253
95.354194
95.033008
94.712697
94.393258
94.074694
93.757003
93.440187
93.124244
92.809176
92.494982
92.181663
91.869219
91.557650
91.246956
90.937138
90.628196
90.320131
90.012942
89.706629
89.401194
89.096637
88.792957
88.490155
88.188232
87.887187
87.587021
87.287734
86.989327
86.691799
86.395152
86.099384
85.804497
85.510491
85.217365
84.925120
84.633756
84.343273
84.053671
83.764951
83.477112
83.190154
82.904077
82.618882
82.334568
82.051135
81.768583
81.486912
81.206122
80.926212
80.647182
80.369033
80.091763
79.815373
79.539862
79.265230
78.991476
78.718600
78.446602
78.175480
77.905236
77.635867
77.367373
77.099755
76.833010
76.567139
76.302141
76.038015
75.774760
75.512376
75.250861
74.990216
74.730438
74.471528
74.213484
73.956306
73.699991
73.444540
73.189952
72.936225
72.683358
72.431350
72.180200
71.929907
71.680469
71.431886
71.184157
70.937279
70.691252
70.446074
70.201745
69.958262
69.715625
69.473832
69.232882
68.992773
68.753503
68.515072
68.277478
68.040719
67.804794
67.569702
67.335440
67.102007
66.869402
66.637623
66.406668
66.176536
65.947226
65.718734
65.491060
65.264203
65.038159
64.812929
64.588509
64.364898
64.142095
63.920097
63.698903
63.478510
63.258918
63.040125
62.822127
62.604925
62.388515
62.172896
61.958066
61.744023
61.530765
61.318291
61.106597
60.895684
60.685547
60.476187
60.267600
60.059784
59.852738
59.646460
59.440948
59.236199
59.032212
58.828985
58.626515
58.424801
58.223840
58.023632
57.824172
57.625461
57.427494
57.230272
57.033790
56.838048
56.643044
56.448774
56.255238
56.062432
55.870356
55.679006
55.488382
55.298480
55.109299
54.920836
54.733090
54.546058
54.359739
54.174129
53.989228
53.805033
53.621542
53.438752
53.256663
53.075271
52.894574
52.714571
52.535259
52.356636
52.178700
52.001449
51.824881
51.648994
51.473786
51.299254
51.125396
50.952211
50.779696
50.607849
50.436668
50.266151
50.096296
49.927101
49.758564
49.590682
49.423453
49.256876
49.090948
48.925668
48.761032
48.597040
48.433688
48.270976
48.108900
47.947459
47.786651
47.626474
47.466925
47.308002
47.149704
46.992029
46.834973
46.678536
46.522716
46.367509
46.212915
46.058931
45.905555
45.752785
45.600620
45.449056
45.298092
45.147727
44.997957
44.848781
44.700198
44.552204
44.404799
44.257979
44.111744
43.966091
43.821018
43.676523
43.532604
43.389259
43.246487
43.104285
42.962651
42.821583
42.681080
42.541140
42.401760
42.262939
42.124675
41.986965
41.849809
41.713203
41.577146
41.441637
41.306673
41.172252
41.038373
40.905034
40.772232
40.639966
40.508234
40.377035
40.246365
40.116225
39.986610
39.857521
39.728954
39.600909
39.473382
39.346374
39.219881
39.093901
38.968434
38.843477
38.719028
38.595086
38.471648
38.348714
38.226281
38.104347
37.982911
37.861971
37.741525
37.621572
37.502109
37.383135
37.264649
37.146648
37.029130
36.912095
36.795539
36.679463
36.563863
36.448738
36.334087
36.219907
36.106198
35.992957
35.880182
35.767873
35.656027
35.544642
35.433717
35.323251
35.213242
35.103687
34.994586
34.885937
34.777737
34.669987
34.562683
34.455824
34.349409
34.243436
34.137903
34.032809
33.928152
33.823931
33.720144
33.616789
33.513866
33.411371
33.309304
33.207664
33.106447
33.005654
32.905283
32.805331
32.705798
32.606681
32.507980
32.409693
32.311818
32.214354
32.117299
32.020651
31.924410
31.828574
31.733140
31.638109
31.543478
31.449245
31.355410
31.261970
31.168925
31.076273
30.984012
30.892141
30.800658
30.709563
30.618853
30.528527
30.438584
30.349022
30.259840
30.171037
30.082610
29.994559
29.906882
29.819578
29.732646
29.646083
29.559889
29.474062
29.388601
29.303504
29.218770
29.134398
29.050386
28.966733
28.883437
28.800498
28.717914
28.635683
28.553804
28.472276
28.391098
28.310267
28.229784
28.149645
28.069851
27.990400
27.911291
27.832521
27.754090
27.675997
27.598241
27.520819
27.443731
27.366975
27.290551
27.214456
27.138690
27.063251
26.988139
26.913351
26.838886
26.764744
26.690923
26.617421
26.544239
26.471373
26.398823
26.326588
26.254667
26.183058
26.111760
26.040772
25.970093
25.899721
25.829656
25.759895
25.690438
25.621284
25.552432
25.483880
25.415626
25.347671
25.280012
25.212649
25.145581
25.078805
25.012322
24.946129
24.880226
24.814612
24.749285
24.684245
24.619489
24.555018
24.490829
24.426923
24.363296
24.299949
24.236881
24.174090
24.111575
24.049334
23.987368
23.925675
23.864253
23.803102
23.742220
23.681607
23.621261
23.561181
23.501367
23.441816
23.382529
23.323503
23.264738
23.206233
23.147987
23.089999
23.032267
22.974791
22.917569
22.860601
22.803885
22.747421
22.691207
22.635242
22.579526
22.524057
22.468835
22.413857
22.359124
22.304634
22.250387
22.196380
22.142614
22.089088
22.035799
21.982748
21.929933
21.877353
21.825007
21.772895
21.721016
21.669367
21.617950
21.566761
21.515801
21.465069
21.414563
21.364283
21.314228
21.264396
21.214787
21.165400
21.116234
21.067288
21.018561
20.970052
20.921761
20.873686
20.825826
20.778181
20.730749
20.683530
20.636522
20.589726
20.543139
20.496762
20.450593
20.404631
20.358875
20.313325
20.267980
20.222838
20.177900
20.133163
20.088628
20.044292
20.000157
19.956220
19.912480
19.868938
19.825591
19.782440
19.739483
19.696719
19.654149
19.611770
19.569582
19.527584
19.485776
19.444156
19.402724
19.361478
19.320419
19.279545
19.238856
19.198350
19.158027
19.117886
19.077926
19.038147
18.998548
18.959127
18.919885
18.880820
18.841931
18.803218
18.764681
18.726317
18.688127
18.650110
18.612264
18.574590
18.537086
18.499752
18.462587
18.425590
18.388761
18.352098
18.315601
18.279269
18.243102
18.207099
18.171258
18.135580
18.100063
18.064708
18.029512
17.994476
17.959599
17.924879
17.890317
17.855912
17.821662
17.787568
17.753628
17.719842
17.686209
17.652729
17.619400
17.586222
17.553195
17.520317
17.487589
17.455008
17.422576
17.390290
17.358151
17.326158
17.294309
17.262605
17.231045
17.199628
17.168353
17.137220
17.106228
17.075377
17.044665
17.014093
16.983659
16.953364
16.923205
16.893183
16.863298
16.833547
16.803932
16.774451
16.745103
16.715889
16.686806
16.657856
16.629037
16.600348
16.571789
16.543360
16.515059
16.486887
16.458842
16.430924
16.403133
16.375467
16.347927
16.320511
16.293220
16.266052
16.239007
16.212084
16.185283
16.158604
16.132045
16.105606
16.079287
16.053087
16.027005
16.001041
15.975195
15.949465
15.923851
15.898354
15.872971
15.847704
15.822550
15.797510
15.772583
15.747768
15.723066
15.698475
15.673994
15.649625
15.625365
15.601215
15.577173
15.553240
15.529415
15.505697
15.482086
15.458581
15.435182
15.411889
15.388700
15.365616
15.342635
15.319758
15.296984
15.274312
15.251742
15.229274
15.206906
15.184639
15.162472
15.140405
15.118436
15.096566
15.074795
15.053120
15.031544
15.010063
14.988679
14.967391
14.946198
14.925100
14.904097
14.883187
14.862371
14.841648
14.821018
14.800480
14.780034
14.759679
14.739415
14.719241
14.699157
14.679163
14.659258
14.639442
14.619714
14.600074
14.580522
14.561056
14.541677
14.522385
14.503178
14.484056
14.465020
14.446068
14.427200
14.408416
14.389715
14.371097
14.352562
14.334109
14.315737
14.297447
14.279238
14.261109
14.243061
14.225092
14.207203
14.189393
14.171661
14.154008
14.136432
14.118934
14.101513
14.084169
14.066901
14.049709
14.032593
14.015552
13.998586
13.981694
13.964877
13.948133
13.931463
13.914866
13.898341
13.881889
13.865509
13.849201
13.832964
13.816798
13.800702
13.784677
13.768722
13.752836
13.737020
13.721272
13.705593
13.689982
13.674439
13.658964
13.643556
13.628215
13.612940
13.597732
13.582589
13.567512
13.552501
13.537554
13.522672
13.507855
13.493101
13.478411
13.463784
13.449221
13.434720
13.420281
13.405905
13.391590
13.377337
13.363146
13.349015
13.334945
13.320935
13.306985
13.293095
13.279264
13.265492
13.251779
13.238125
13.224529
13.210991
13.197510
13.184087
13.170721
13.157412
13.144160
13.130963
13.117823
13.104739
13.091709
13.078735
13.065816
13.052951
13.040141
13.027385
13.014683
13.002034
12.989438
12.976896
12.964406
12.951968
12.939583
12.927250
12.914968
12.902738
12.890559
12.878431
12.866353
12.854326
12.842350
12.830423
12.818545
12.806717
12.794939
12.783209
12.771528
12.759895
12.748311
12.736774
12.725285
12.713844
12.702450
12.691103
12.679802
12.668548
12.657341
12.646179
12.635063
12.623993
12.612969
12.601989
12.591054
12.580165
12.569319
12.558518
12.547761
12.537047
12.526377
12.515751
12.505168
12.494627
12.484129
12.473674
12.463261
12.452891
12.442562
12.432274
12.422029
12.411824
12.401660
12.391538
12.381455
12.371414
12.361412
12.351451
12.341529
12.331647
12.321804
12.312001
12.302236
12.292510
12.282823
12.273175
12.263564
12.253992
12.244457
12.234961
12.225501
12.216079
12.206694
12.197346
12.188034
12.178760
12.169521
12.160319
12.151152
12.142022
12.132927
12.123867
12.114843
12.105854
12.096899
12.087980
12.079095
12.070244
12.061428
12.052645
12.043897
12.035182
12.026501
12.017853
12.009238
12.000656
11.992107
11.983591
11.975107
11.966656
11.958237
11.949850
11.941495
11.933171
11.924879
11.916618
11.908389
11.900191
11.892023
11.883887
11.875781
11.867705
11.859660
11.851645
11.843659
11.835704
11.827778
11.819882
11.812016
11.804178
11.796370
11.788590
11.780840
11.773118
11.765424
11.757759
11.750122
11.742513
11.734932
11.727379
11.719854
11.712356
11.704885
11.697442
11.690026
11.682637
11.675274
11.667938
11.660629
11.653347
11.646090
11.638860
11.631656
11.624477
11.617325
11.610198
11.603096
11.596020
11.588969
11.581943
11.574943
11.567967
11.561016
11.554089
11.547187
11.540309
11.533456
11.526627
11.519821
11.513040
11.506282
11.499548
11.492838
11.486150
11.479487
11.472846
11.466228
11.459634
11.453062
11.446513
11.439986
11.433482
11.427000
11.420541
11.414104
11.407688
11.401295
11.394923
11.388573
11.382245
11.375938
11.369653
11.363389
11.357146
11.350924
11.344723
11.338542
11.332383
11.326244
11.320126
11.314028
11.307950
11.301893
11.295856
11.289838
11.283841
11.277864
11.271906
11.265968
11.260049
11.254150
11.248270
11.242409
11.236567
11.230745
11.224941
11.219157
11.213391
11.207643
11.201914
11.196204
11.190512
11.184839
11.179183
11.173546
11.167926
11.162325
11.156741
11.151175
11.145627
11.140097
11.134583
11.129088
11.123609
11.118148
11.112704
11.107277
11.101867
11.096473
11.091097
11.085737
11.080394
11.075068
11.069758
11.064464
11.059186
11.053925
11.048680
11.043451
11.038238
11.033041
11.027860
11.022694
11.017544
11.012410
11.007291
11.002187
10.997099
10.992027
10.986969
10.981926
10.976899
10.971887
10.966889
10.961906
10.956938
10.951985
10.947046
10.942122
10.937213
10.932317
10.927436
10.922570
10.917717
10.912879
10.908054
10.903244
10.898448
10.893665
10.888896
10.884141
10.879399
10.874671
10.869957
10.865256
10.860568
10.855894
10.851232
10.846584
10.841950
10.837328
10.832719
10.828123
10.823540
10.818969
10.814412
10.809867
10.805335
10.800815
10.796308
10.791813
10.787330
10.782860
10.778402
10.773956
10.769522
10.765101
10.760691
10.756293
10.751908
10.747534
10.743171
10.738821
10.734482
10.730155
10.725839
10.721535
10.717242
10.712960
10.708690
10.704431
10.700184
10.695947
10.691722
10.687508
10.683304
10.679112
10.674930
10.670760
10.666600
10.662451
10.658312
10.654184
10.650067
10.645960
10.641864
10.637778
10.633703
10.629638
10.625583
10.621538
10.617504
10.613479
10.609465
10.605461
10.601467
10.597482
10.593508
10.589543
10.585589
10.581644
10.577708
10.573783
10.569867
10.565960
10.562063
10.558176
10.554298
10.550429
10.546570
10.542720
10.538879
10.535048
10.531225
10.527412
10.523608
10.519813
10.516027
10.512249
10.508481
10.504722
10.500971
10.497229
10.493496
10.489772
10.486056
10.482349
10.478651
10.474961
10.471279
10.467606
10.463942
10.460286
10.456638
10.452998
10.449367
10.445744
10.442129
10.438523
10.434924
10.431333
10.427751
10.424177
10.420610
10.417051
10.413501
10.409958
10.406423
10.402896
10.399376
10.395864
10.392360
10.388864
10.385375
10.381894
10.378420
10.374954
10.371495
10.368044
10.364600
10.361163
10.357734
10.354312
10.350897
10.347490
10.344089
10.340696
10.337310
10.333931
10.330559
10.327195
10.323837
10.320486
10.317142
10.313805
10.310475
10.307152
10.303836
10.300526
10.297223
10.293927
10.290637
10.287355
10.284079
10.280809
10.277546
10.274290
10.271040
10.267796
10.264559
10.261329
10.258105
10.254887
10.251675
10.248470
10.245271
10.242079
10.238893
10.235712
10.232538
10.229371
10.226209
10.223053
10.219904
10.216760
10.213623
10.210492
10.207366
10.204246
10.201133
10.198025
10.194923
10.191827
10.188737
10.185652
10.182574
10.179501
10.176433
10.173372
10.170316
10.167266
10.164221
10.161182
10.158148
10.155120
10.152098
10.149081
10.146069
10.143063
10.140062
10.137067
10.134077
10.131093
10.128113
10.125139
10.122171
10.119207
10.116249
10.113296
10.110349
10.107406
10.104469
10.101536
10.098609
10.095687
10.092770
10.089858
10.086951
10.084049
10.081152
10.078260
10.075373
10.072491
10.069614
10.066741
10.063874
10.061011
10.058153
10.055300
10.052452
10.049608
10.046769
10.043935
10.041106
10.038281
10.035461
10.032645
10.029835
10.027028
10.024227
10.021430
10.018637
10.015849
10.013065
10.010286
10.007512
10.004742
10.001976
9.999215
9.996458
9.993706
9.990958
9.988214
9.985474
9.982739
9.980008
9.977282
9.974560
9.971842
9.969128
9.966418
9.963713
9.961011
9.958314
9.955621
9.952933
9.950248
9.947567
9.944891
9.942218
9.939550
9.936885
9.934225
9.931569
9.928916
9.926268
9.923623
9.920983
9.918346
9.915713
9.913085
9.910460
9.907839
9.905221
9.902608
9.899998
9.897392
9.894790
9.892192
9.889598
9.887007
9.884420
9.881837
9.879257
9.876681
9.874109
9.871540
9.868975
9.866414
9.863856
9.861302
9.858752
9.856205
9.853661
9.851121
9.848585
9.846052
9.843523
9.840997
9.838475
9.835956
9.833441
9.830929
9.828421
9.825916
9.823414
9.820916
9.818421
9.815929
9.813441
9.810957
9.808475
9.805997
9.803522
9.801051
9.798582
9.796117
9.793656
9.791197
9.788742
9.786290
9.783841
9.781396
9.778953
9.776514
9.774078
9.771645
9.769215
9.766789
9.764365
9.761945
9.759528
9.757114
9.754702
9.752294
9.749889
9.747488
9.745089
9.742693
9.740300
9.737910
9.735523
9.733140
9.730759
9.728381
9.726006
9.723634
9.721265
9.718899
9.716535
9.714175
9.711818
9.709463
9.707111
9.704762
9.702417
9.700073
9.697733
9.695396
9.693061
9.690729
9.688400
9.686074
9.683750
9.681430
9.679112
9.676797
9.674484
9.672174
9.669867
9.667563
9.665261
9.662963
9.660666
9.658373
9.656082
9.653794
9.651508
9.649225
9.646945
9.644668
9.642393
9.640120
9.637850
9.635583
9.633319
9.631057
9.628797
9.626540
9.624286
9.622034
9.619785
9.617538
9.615294
9.613052
9.610813
9.608576
9.606342
9.604110
9.601881
9.599654
9.597430
9.595208
9.592988
9.590771
9.588557
9.586344
9.584135
9.581927
9.579722
9.577520
9.575320
9.573122
9.570926
9.568733
9.566542
9.564354
9.562168
9.559984
9.557803
9.555624
9.553447
9.551273
9.549100
9.546930
9.544763
9.542598
9.540435
9.538274
9.536115
9.533959
9.531805
9.529653
9.527504
9.525356
9.523211
9.521068
9.518927
9.516789
9.514653
9.512518
9.510387
9.508257
9.506129
9.504004
9.501880
9.499759
9.497640
9.495523
9.493409
9.491296
9.489185
9.487077
9.484971
9.482867
9.480764
9.478664
9.476566
9.474471
9.472377
9.470285
9.468195
9.466108
9.464022
9.461939
9.459857
9.457778
9.455700
9.453625
9.451552
9.449480
9.447411
9.445343
9.443278
9.441215
9.439153
9.437094
9.435036
9.432981
9.430927
9.428876
9.426826
9.424778
9.422733
9.420689
9.418647
9.416607
9.414569
9.412533
9.410498
9.408466
9.406436
9.404407
9.402381
9.400356
9.398333
9.396312
9.394293
9.392276
9.390260
9.388247
9.386235
9.384225
9.382217
9.380211
9.378206
9.376204
9.374203
9.372204
9.370207
9.368212
9.366219
9.364227
9.362237
9.360249
9.358263
9.356278
9.354296
9.352315
9.350335
9.348358
9.346382
9.344408
9.342436
9.340466
9.338497
9.336530
9.334565
9.332602
9.330640
9.328680
9.326722
9.324765
9.322810
9.320857
9.318906
9.316956
9.315008
9.313062
9.311117
9.309174
9.307232
9.305293
9.303355
9.301419
9.299484
9.297551
9.295620
9.293690
9.291762
9.289835
9.287911
9.285988
9.284066
9.282146
9.280228
9.278311
9.276396
9.274483
9.272571
9.270661
9.268752
9.266845
9.264940
9.263036
9.261134
9.259233
9.257334
9.255437
9.253541
9.251647
9.249754
9.247863
9.245973
9.244085
9.242198
9.240313
9.238430
9.236548
9.234668
9.232789
9.230912
9.229036
9.227162
9.225289
9.223418
9.221548
9.219680
9.217813
9.215948
9.214085
9.212222
9.210362
9.208503
9.206645
9.204789
9.202934
9.201081
9.199229
9.197379
9.195530
9.193683
9.191837
9.189993
9.188150
9.186308
9.184468
9.182630
9.180793
9.178957
9.177123
9.175290
9.173459
9.171629
9.169800
9.167973
9.166147
9.164323
9.162500
9.160679
9.158859
9.157041
9.155223
9.153408
9.151593
9.149780
9.147969
9.146159
9.144350
9.142543
9.140737
9.138932
9.137129
9.135327
9.133526
9.131727
9.129929
9.128133
9.126338
9.124544
9.122752
9.120961
9.119172
9.117383
9.115596
9.113811
9.112027
9.110244
9.108462
9.106682
9.104903
9.103126
9.101350
9.099575
9.097801
9.096029
9.094258
9.092488
9.090720
9.088953
9.087187
9.085423
9.083660
9.081898
9.080138
9.078379
9.076621
9.074864
9.073109
9.071355
9.069602
9.067851
9.066101
9.064352
9.062604
9.060858
9.059113
9.057369
9.055626
9.053885
9.052145
9.050406
9.048669
9.046932
9.045197
9.043464
9.041731
9.040000
9.038270
9.036541
9.034814
9.033087
9.031362
9.029638
9.027916
9.026194
9.024474
9.022755
9.021038
9.019321
9.017606
9.015892
9.014179
9.012467
9.010757
9.009048
9.007340
9.005633
9.003927
9.002223
9.000520
8.998818
8.997117
8.995417
8.993719
8.992021
8.990325
8.988630
8.986937
8.985244
8.983553
8.981862
8.980173
8.978486
8.976799
8.975113
8.973429
8.971746
8.970064
8.968383
8.966703
8.965025
8.963347
8.961671
8.959996
8.958322
8.956649
8.954977
8.953307
8.951637
8.949969
8.948302
8.946636
8.944971
8.943308
8.941645
8.939983
8.938323
8.936664
8.935006
8.933349
8.931693
8.930038
8.928385
8.926732
8.925081
8.923430
8.921781
8.920133
8.918486
8.916840
8.915195
8.913552
8.911909
8.910268
8.908627
8.906988
8.905350
8.903713
8.902077
8.900442
8.898808
8.897175
8.895543
8.893913
8.892283
8.890655
8.889027
8.887401
8.885776
8.884151
8.882528
8.880906
8.879285
8.877665
8.876046
8.874428
8.872812
8.871196
8.869581
8.867968
8.866355
8.864744
