415.523069
6.326944
3.928997
3.710622
3.243616
3.087501
2.979560
2.899849
2.837889
2.788064
2.746988
2.712618
2.683715
2.659375
2.638824
2.621372
2.606422
2.593476
2.582129
2.572052
2.562974
2.554674
2.546968
2.539708
2.532775
2.526072
2.519523
2.513065
2.506648
2.500231
2.493781
2.487274
2.480696
2.474044
2.467324
2.460558
2.453776
2.447013
2.440302
2.433672
2.427142
2.420726
2.414431
2.408261
2.402216
2.396294
2.390494
2.384812
2.379244
2.373787
2.368436
2.363186
2.358032
2.352968
2.347988
2.343084
2.338250
2.333477
2.328757
2.324081
2.319441
2.314828
2.310234
2.305651
2.301073
2.296494
2.291910
2.287317
2.282715
2.278103
2.273482
2.268852
2.264216
2.259576
2.254934
2.250295
2.245660
2.241032
2.236415
2.231809
2.227219
2.222644
2.218087
2.213549
2.209029
2.204528
2.200045
2.195579
2.191130
2.186696
2.182274
2.177863
2.173461
2.169064
2.164670
2.160277
2.155881
2.151479
2.147068
2.142645
2.138208
2.133752
2.129276
2.124777
2.120251
2.115696
2.111110
2.106491
2.101836
2.097143
2.092412
2.087640
2.082826
2.077970
2.073071
2.068130
2.063146
2.058119
2.053052
2.047946
2.042801
2.037621
2.032409
2.027166
2.021897
2.016604
2.011293
2.005966
2.000629
1.995285
1.989939
1.984596
1.979259
1.973932
1.968621
1.963328
1.958057
1.952812
1.947595
1.942409
1.937258
1.932142
1.927064
1.922026
1.917029
1.912075
1.907164
1.902298
1.897478
1.892703
1.887975
1.883294
1.878661
1.874075
1.869537
1.865047
1.860606
1.856212
1.851866
1.847568
1.843318
1.839116
1.834960
1.830852
1.826790
1.822774
1.818804
1.814880
1.811001
1.807165
1.803374
1.799626
1.795921
1.792259
1.788637
1.785057
1.781517
1.778016
1.774555
1.771131
1.767745
1.764396
1.761083
1.757805
1.754561
1.751351
1.748174
1.745030
1.741916
1.738833
1.735780
1.732755
1.729758
1.726789
1.723846
1.720928
1.718035
1.715166
1.712319
1.709495
1.706691
1.703908
1.701143
1.698397
1.695669
1.692956
1.690259
1.687577
1.684908
1.682251
1.679605
1.676970
1.674344
1.671726
1.669116
1.666511
1.663910
1.661313
1.658719
1.656125
1.653531
1.650935
1.648336
1.645732
1.643123
1.640505
1.637879
1.635241
1.632592
1.629927
1.627247
1.624548
1.621828
1.619087
1.616320
1.613527
1.610704
1.607849
1.604958
1.602030
1.599062
1.596048
1.592988
1.589876
1.586709
1.583482
1.580192
1.576834
1.573403
1.569893
1.566299
1.562615
1.558835
1.554952
1.550958
1.546847
1.542610
1.538239
1.533724
1.529058
1.524231
1.519233
1.514056
1.508691
1.503130
1.497368
1.491400
1.485226
1.478850
1.472281
1.465534
1.458635
1.451613
1.444512
1.437378
1.430264
1.423228
1.416325
1.409604
1.403108
1.396870
1.390912
1.385246
1.379878
1.374805
1.370019
1.365512
1.361270
1.357280
1.353528
1.350000
1.346683
1.343562
1.340626
1.337862
1.335258
1.332803
1.330489
1.328305
1.326242
1.324292
1.322448
1.320703
1.319049
1.317480
1.315992
1.314578
1.313234
1.311954
1.310735
1.309572
1.308462
1.307401
1.306386
1.305414
1.304482
1.303588
1.302728
1.301901
1.301104
1.300336
1.299595
1.298878
1.298184
1.297513
1.296861
1.296228
1.295614
1.295016
1.294433
1.293865
1.293311
1.292769
1.292239
1.291721
1.291213
1.290715
1.290226
1.289746
1.289274
1.288810
1.288353
1.287902
1.287458
1.287020
1.286588
1.286161
1.285739
1.285321
1.284908
1.284499
1.284094
1.283692
1.283294
1.282898
1.282506
1.282116
1.281728
1.281343
1.280960
1.280578
1.280198
1.279820
1.279442
1.279066
1.278691
1.278316
1.277941
1.277566
1.277192
1.276817
1.276442
1.276067
1.275690
1.275313
1.274934
1.274554
1.274172
1.273788
1.273402
1.273014
1.272623
1.272230
1.271833
1.271433
1.271030
1.270622
1.270211
1.269796
1.269376
1.268951
1.268521
1.268086
1.267645
1.267199
1.266747
1.266289
1.265824
1.265353
1.264875
1.264390
1.263899
1.263400
1.262894
1.262382
1.261862
1.261336
1.260803
1.260264
1.259718
1.259167
1.258611
1.258050
1.257485
1.256917
1.256346
1.255773
1.255199
1.254625
1.254052
1.253480
1.252910
1.252344
1.251781
1.251222
1.250668
1.250119
1.249576
1.249038
1.248506
1.247980
1.247460
1.246946
1.246437
1.245934
1.245436
1.244942
1.244453
1.243969
1.243488
1.243011
1.242537
1.242067
1.241599
1.241134
1.240672
1.240211
1.239752
1.239295
1.238839
1.238385
1.237931
1.237478
1.237026
1.236575
1.236124
1.235673
1.235222
1.234771
1.234321
1.233869
1.233418
1.232966
1.232513
1.232060
1.231606
1.231151
1.230695
1.230238
1.229780
1.229321
1.228860
1.228399
1.227936
1.227471
1.227005
1.226538
1.226069
1.225598
1.225126
1.224652
1.224176
1.223698
1.223218
1.222736
1.222252
1.221767
1.221279
1.220788
1.220296
1.219802
1.219305
1.218805
1.218304
1.217799
1.217293
1.216783
1.216271
1.215757
1.215239
1.214719
1.214196
1.213670
1.213141
1.212609
1.212073
1.211535
1.210993
1.210448
1.209899
1.209347
1.208791
1.208231
1.207667
1.207100
1.206528
1.205952
1.205371
1.204786
1.204196
1.203601
1.203000
1.202395
1.201783
1.201166
1.200542
1.199911
1.199273
1.198628
1.197975
1.197312
1.196641
1.195959
1.195266
1.194561
1.193842
1.193108
1.192357
1.191587
1.190795
1.189977
1.189128
1.188244
1.187315
1.186332
1.185279
1.184135
1.182867
1.181423
1.179715
1.177583
1.174718
1.170504
1.164212
1.158236
1.156150
1.155505
1.154879
1.154134
1.153341
1.152553
1.151793
1.151065
1.150367
1.149692
1.149035
1.148390
1.147753
1.147120
1.146488
1.145854
1.145216
1.144573
1.143924
1.143266
1.142601
1.141926
1.141241
1.140547
1.139842
1.139127
1.138402
1.137665
1.136918
1.136160
1.135391
1.134612
1.133821
1.133020
1.132208
1.131385
1.130551
1.129707
1.128852
1.127986
1.127110
1.126224
1.125327
1.124420
1.123502
1.122574
1.121635
1.120687
1.119728
1.118758
1.117779
1.116789
1.115789
1.114779
1.113759
1.112728
1.111687
1.110635
1.109574
1.108502
1.107420
1.106327
1.105224
1.104110
1.102986
1.101851
1.100706
1.099551
1.098384
1.097207
1.096019
1.094820
1.093611
1.092390
1.091159
1.089916
1.088662
1.087397
1.086121
1.084834
1.083535
1.082225
1.080903
1.079570
1.078225
1.076869
1.075500
1.074120
1.072728
1.071324
1.069908
1.068480
1.067040
1.065588
1.064123
1.062646
1.061156
1.059655
1.058140
1.056613
1.055074
1.053522
1.051957
1.050379
1.048788
1.047185
1.045568
1.043938
1.042296
1.040640
1.038971
1.037289
1.035594
1.033885
1.032163
1.030427
1.028678
1.026915
1.025139
1.023349
1.021545
1.019727
1.017895
1.016049
1.014189
1.012315
1.010426
1.008522
1.006604
1.004671
1.002722
1.000758
0.998778
0.996782
0.994769
0.992739
0.990691
0.988625
0.986539
0.984433
0.982305
0.980153
0.977975
0.975769
0.973531
0.971255
0.968937
0.966566
0.964130
0.961613
0.958987
0.956216
0.953240
0.949971
0.946277
0.941990
0.936985
0.931425
0.925954
0.921246
0.917398
0.914158
0.911290
0.908649
0.906143
0.903715
0.901325
0.898951
0.896578
0.894195
0.891797
0.889383
0.886950
0.884498
0.882026
0.879535
0.877025
0.874496
0.871949
0.869383
0.866798
0.864196
0.861576
0.858937
0.856281
0.853606
0.850914
0.848203
0.845475
0.842728
0.839963
0.837179
0.834377
0.831555
0.828715
0.825855
0.822976
0.820077
0.817158
0.814219
0.811259
0.808278
0.805276
0.802252
0.799206
0.796138
0.793047
0.789932
0.786794
0.783631
0.780444
0.777231
0.773993
0.770728
0.767435
0.764115
0.760766
0.757388
0.753980
0.750540
0.747068
0.743564
0.740025
0.736451
0.732840
0.729192
0.725504
0.721775
0.718005
0.714190
0.710328
0.706419
0.702460
0.698448
0.694380
0.690255
0.686068
0.681817
0.677497
0.673105
0.668637
0.664087
0.659450
0.654722
0.649895
0.644962
0.639917
0.634750
0.629453
0.624017
0.618430
0.612681
0.606759
0.600650
0.594341
0.587819
0.581070
0.574083
0.566847
0.559355
0.551607
0.543607
0.535370
0.526922
0.518302
0.509561
0.500762
0.491973
0.483264
0.474698
0.466327
0.458187
0.450302
0.442683
0.435330
0.428240
0.421403
0.414808
0.408445
0.402299
0.396359
0.390614
0.385052
0.379663
0.374436
0.369363
0.364436
0.359646
0.354988
0.350456
0.346045
0.341751
0.337573
0.333508
0.329555
0.325716
0.321990
0.318380
0.314887
0.311516
0.308267
0.305144
0.302148
0.299281
0.296541
0.293926
0.291433
0.289056
0.286788
0.284621
0.282546
0.280557
0.278644
0.276801
0.275021
0.273299
0.271630
0.270011
0.268438
0.266909
0.265421
0.263973
0.262563
0.261189
0.259850
0.258543
0.257269
0.256024
0.254808
0.253619
0.252456
0.251318
0.250203
0.249110
0.248038
0.246986
0.245953
0.244938
0.243940
0.242959
0.241993
0.241041
0.240104
0.239181
0.238271
0.237374
0.236489
0.235616
0.234754
0.233903
0.233064
0.232235
0.231416
0.230608
0.229809
0.229020
0.228241
0.227470
0.226709
0.225957
0.225213
0.224478
0.223752
0.223034
0.222324
0.221622
0.220927
0.220241
0.219562
0.218891
0.218227
0.217570
0.216920
0.216277
0.215641
0.215011
0.214388
0.213772
0.213162
0.212558
0.211960
0.211367
0.210781
0.210200
0.209625
0.209055
0.208490
0.207930
0.207376
0.206826
0.206280
0.205740
0.205203
0.204671
0.204143
0.203619
0.203099
0.202583
0.202070
0.201560
0.201054
0.200551
0.200050
0.199552
0.199057
0.198564
0.198073
0.197585
0.197098
0.196612
0.196128
0.195645
0.195163
0.194682
0.194201
0.193720
0.193239
0.192758
0.192276
0.191793
0.191309
0.190824
0.190336
0.189846
0.189353
0.188857
0.188358
0.187854
0.187346
0.186833
0.186314
0.185789
0.185257
0.184718
0.184171
0.183614
0.183048
0.182472
0.181885
0.181285
0.180672
0.180045
0.179404
0.178746
0.178071
0.177379
0.176667
0.175935
0.175183
0.174409
0.173612
0.172793
0.171950
0.171083
0.170193
0.169281
0.168348
0.167394
0.166423
0.165438
0.164441
0.163438
0.162432
0.161429
0.160435
0.159454
0.158491
0.157550
0.156635
0.155749
0.154892
0.154065
0.153267
0.152496
0.151750
0.151025
0.150321
0.149633
0.148960
0.148299
0.147649
0.147008
0.146374
0.145748
0.145127
0.144513
0.143905
0.143302
0.142704
0.142111
0.141524
0.140942
0.140365
0.139793
0.139226
0.138665
0.138109
0.137557
0.137011
0.136470
0.135934
0.135403
0.134877
0.134356
0.133839
0.133328
0.132821
0.132318
0.131821
0.131328
0.130839
0.130355
0.129875
0.129400
0.128929
0.128463
0.128000
0.127542
0.127088
0.126639
0.126193
0.125751
0.125314
0.124880
0.124450
0.124025
0.123603
0.123185
0.122770
0.122360
0.121953
0.121549
0.121150
0.120754
0.120361
0.119972
0.119586
0.119204
0.118825
0.118450
0.118078
0.117709
0.117343
0.116981
0.116621
0.116265
0.115912
0.115562
0.115215
0.114871
0.114530
0.114191
0.113856
0.113523
0.113193
0.112866
0.112541
0.112220
0.111901
0.111584
0.111270
0.110959
0.110650
0.110343
0.110039
0.109738
0.109438
0.109142
0.108847
0.108555
0.108265
0.107977
0.107691
0.107408
0.107127
0.106848
0.106570
0.106295
0.106023
0.105752
0.105483
0.105216
0.104951
0.104687
0.104426
0.104167
0.103909
0.103653
0.103399
0.103147
0.102897
0.102648
0.102401
0.102156
0.101912
0.101671
0.101430
0.101192
0.100955
0.100719
0.100485
0.100253
0.100022
0.099793
0.099565
0.099339
0.099114
0.098890
0.098668
0.098448
0.098229
0.098011
0.097795
0.097580
0.097366
0.097154
0.096943
0.096733
0.096525
0.096318
0.096112
0.095907
0.095704
0.095502
0.095301
0.095102
0.094903
0.094706
0.094510
0.094315
0.094122
0.093929
0.093738
0.093548
0.093359
0.093171
0.092984
0.092798
0.092614
0.092430
0.092248
0.092066
0.091886
0.091707
0.091529
0.091351
0.091175
0.091000
0.090826
0.090653
0.090480
0.090309
0.090139
0.089970
0.089802
0.089634
0.089468
0.089303
0.089138
0.088975
0.088812
0.088650
0.088490
0.088330
0.088171
0.088013
0.087856
0.087699
0.087544
0.087389
0.087236
0.087083
0.086931
0.086780
0.086629
0.086480
0.086331
0.086183
0.086036
0.085890
0.085745
0.085600
0.085456
0.085313
0.085171
0.085030
0.084889
0.084749
0.084610
0.084472
0.084334
0.084197
0.084061
0.083926
0.083791
0.083657
0.083524
0.083391
0.083260
0.083129
0.082998
0.082869
0.082740
0.082611
0.082484
0.082357
0.082231
0.082105
0.081980
0.081856
0.081732
0.081609
0.081487
0.081365
0.081244
0.081124
0.081004
0.080885
0.080767
0.080649
0.080532
0.080415
0.080299
0.080184
0.080069
0.079955
0.079841
0.079728
0.079616
0.079504
0.079393
0.079282
0.079172
0.079062
0.078953
0.078845
0.078737
0.078629
0.078523
0.078416
0.078311
0.078205
0.078101
0.077997
0.077893
0.077790
0.077687
0.077585
0.077484
0.077383
0.077282
0.077182
0.077083
0.076984
0.076885
0.076787
0.076689
0.076592
0.076496
0.076400
0.076304
0.076209
0.076114
0.076020
0.075926
0.075832
0.075739
0.075647
0.075555
0.075463
0.075372
0.075281
0.075191
0.075101
0.075012
0.074923
0.074834
0.074746
0.074658
0.074571
0.074484
0.074398
0.074312
0.074226
0.074141
0.074056
0.073971
0.073887
0.073803
0.073720
0.073637
0.073554
0.073472
0.073390
0.073309
0.073228
0.073147
0.073067
0.072987
0.072907
0.072828
0.072749
0.072670
0.072592
0.072514
0.072437
0.072359
0.072283
0.072206
0.072130
0.072054
0.071979
0.071903
0.071829
0.071754
0.071680
0.071606
0.071533
0.071459
0.071386
0.071314
0.071241
0.071169
0.071098
0.071026
0.070955
0.070884
0.070814
0.070744
0.070674
0.070604
0.070535
0.070466
0.070397
0.070329
0.070261
0.070193
0.070125
0.070058
0.069991
0.069924
0.069857
0.069791
0.069725
0.069659
0.069594
0.069529
0.069464
0.069399
0.069335
0.069270
0.069207
0.069143
0.069079
0.069016
0.068953
0.068891
0.068828
0.068766
0.068704
0.068642
0.068581
0.068520
0.068459
0.068398
0.068337
0.068277
0.068217
0.068157
0.068097
0.068038
0.067979
0.067920
0.067861
0.067803
0.067744
0.067686
0.067628
0.067571
0.067513
0.067456
0.067399
0.067342
0.067285
0.067229
0.067173
0.067116
0.067061
0.067005
0.066950
0.066894
0.066839
0.066784
0.066730
0.066675
0.066621
0.066567
0.066513
0.066459
0.066406
0.066352
0.066299
0.066246
0.066193
0.066141
0.066088
0.066036
0.065984
0.065932
0.065880
0.065828
0.065777
0.065726
0.065675
0.065624
0.065573
0.065522
0.065472
0.065422
0.065372
0.065322
0.065272
0.065222
0.065173
0.065124
0.065074
0.065026
0.064977
0.064928
0.064879
0.064831
0.064783
0.064735
0.064687
0.064639
0.064592
0.064544
0.064497
0.064450
0.064403
0.064356
0.064309
0.064262
0.064216
0.064169
0.064123
0.064077
0.064031
0.063985
0.063940
0.063894
0.063849
0.063804
0.063759
0.063714
0.063669
0.063624
0.063579
0.063535
0.063491
0.063446
0.063402
0.063358
0.063314
0.063271
0.063227
0.063184
0.063140
0.063097
0.063054
0.063011
0.062968
0.062925
0.062883
0.062840
0.062798
0.062756
0.062713
0.062671
0.062629
0.062588
0.062546
0.062504
0.062463
0.062421
0.062380
0.062339
0.062298
0.062257
0.062216
0.062175
0.062135
0.062094
0.062054
0.062014
0.061973
0.061933
0.061893
0.061853
0.061814
0.061774
0.061734
0.061695
0.061655
0.061616
0.061577
0.061538
0.061499
0.061460
0.061421
0.061382
0.061344
0.061305
0.061267
0.061229
0.061190
0.061152
0.061114
0.061076
0.061038
0.061000
0.060963
0.060925
0.060888
0.060850
0.060813
0.060776
0.060738
0.060701
0.060664
0.060627
0.060591
0.060554
0.060517
0.060481
0.060444
0.060408
0.060372
0.060335
0.060299
0.060263
0.060227
0.060191
0.060155
0.060120
0.060084
0.060048
0.060013
0.059977
0.059942
0.059907
0.059872
0.059837
0.059802
0.059767
0.059732
0.059697
0.059662
0.059627
0.059593
0.059558
0.059524
0.059490
0.059455
0.059421
0.059387
0.059353
0.059319
0.059285
0.059251
0.059217
0.059183
0.059150
0.059116
0.059083
0.059049
0.059016
0.058983
0.058949
0.058916
0.058883
0.058850
0.058817
0.058784
0.058751
0.058719
0.058686
0.058653
0.058621
0.058588
0.058556
0.058523
0.058491
0.058459
0.058426
0.058394
0.058362
0.058330
0.058298
0.058266
0.058235
0.058203
0.058171
0.058139
0.058108
0.058076
0.058045
0.058013
0.057982
0.057951
0.057920
0.057888
0.057857
0.057826
0.057795
0.057764
0.057733
0.057703
0.057672
0.057641
0.057610
0.057580
0.057549
0.057519
0.057488
0.057458
0.057428
0.057397
0.057367
0.057337
0.057307
0.057277
0.057247
0.057217
0.057187
0.057157
0.057127
0.057098
0.057068
0.057038
0.057009
0.056979
0.056950
0.056920
0.056891
0.056862
0.056832
0.056803
0.056774
0.056745
0.056716
0.056687
0.056658
0.056629
0.056600
0.056571
0.056542
0.056513
0.056485
0.056456
0.056427
0.056399
0.056370
0.056342
0.056314
0.056285
0.056257
0.056229
0.056200
0.056172
0.056144
0.056116
0.056088
0.056060
0.056032
0.056004
0.055976
0.055948
0.055921
0.055893
0.055865
0.055838
0.055810
0.055782
0.055755
0.055727
0.055700
0.055673
0.055645
0.055618
0.055591
0.055563
0.055536
0.055509
0.055482
0.055455
0.055428
0.055401
0.055374
0.055347
0.055320
0.055293
0.055267
0.055240
0.055213
0.055187
0.055160
0.055133
0.055107
0.055080
0.055054
0.055028
0.055001
0.054975
0.054949
0.054922
0.054896
0.054870
0.054844
0.054818
0.054792
0.054766
0.054740
0.054714
0.054688
0.054662
0.054636
0.054610
0.054584
0.054559
0.054533
0.054507
0.054482
0.054456
0.054431
0.054405
0.054380
0.054354
0.054329
0.054303
0.054278
0.054253
0.054227
0.054202
0.054177
0.054152
0.054127
0.054102
0.054077
0.054052
0.054027
0.054002
0.053977
0.053952
0.053927
0.053902
0.053877
0.053853
0.053828
0.053803
0.053778
0.053754
0.053729
0.053705
0.053680
0.053656
0.053631
0.053607
0.053582
0.053558
0.053534
0.053509
0.053485
0.053461
0.053437
0.053412
0.053388
0.053364
0.053340
0.053316
0.053292
0.053268
0.053244
0.053220
0.053196
0.053172
0.053148
0.053125
0.053101
0.053077
0.053053
0.053030
0.053006
0.052982
0.052959
0.052935
0.052912
0.052888
0.052865
0.052841
0.052818
0.052794
0.052771
0.052748
0.052724
0.052701
0.052678
0.052655
0.052631
0.052608
0.052585
0.052562
0.052539
0.052516
0.052493
0.052470
0.052447
0.052424
0.052401
0.052378
0.052355
0.052332
0.052310
0.052287
0.052264
0.052241
0.052219
0.052196
0.052173
0.052151
0.052128
0.052106
0.052083
0.052061
0.052038
0.052016
0.051993
0.051971
0.051948
0.051926
0.051904
0.051881
0.051859
0.051837
0.051815
0.051792
0.051770
0.051748
0.051726
0.051704
0.051682
0.051660
0.051638
0.051616
0.051594
0.051572
0.051550
0.051528
0.051506
0.051484
0.051462
0.051441
0.051419
0.051397
0.051375
0.051354
0.051332
0.051310
0.051289
0.051267
0.051246
0.051224
0.051203
0.051181
0.051160
0.051138
0.051117
0.051095
0.051074
0.051053
0.051031
0.051010
0.050989
0.050967
0.050946
0.050925
0.050904
0.050883
0.050861
0.050840
0.050819
0.050798
0.050777
0.050756
0.050735
0.050714
0.050693
0.050672
0.050651
0.050630
0.050609
0.050589
0.050568
0.050547
0.050526
0.050505
0.050485
0.050464
0.050443
0.050423
0.050402
0.050381
0.050361
0.050340
0.050320
0.050299
0.050279
0.050258
0.050238
0.050217
0.050197
0.050176
0.050156
0.050136
0.050115
0.050095
0.050075
0.050055
0.050034
0.050014
0.049994
0.049974
0.049954
0.049933
0.049913
0.049893
0.049873
0.049853
0.049833
0.049813
0.049793
0.049773
0.049753
0.049733
0.049713
0.049694
0.049674
0.049654
0.049634
0.049614
0.049595
0.049575
0.049555
0.049535
0.049516
0.049496
0.049476
0.049457
0.049437
0.049418
0.049398
0.049379
0.049359
0.049340
0.049320
0.049301
0.049281
0.049262
0.049243
0.049223
0.049204
0.049185
0.049165
0.049146
0.049127
0.049107
0.049088
0.049069
0.049050
0.049031
0.049012
0.048993
0.048973
0.048954
0.048935
0.048916
0.048897
0.048878
0.048859
0.048841
0.048822
0.048803
0.048784
0.048765
0.048746
0.048727
0.048709
0.048690
0.048671
0.048652
0.048634
0.048615
0.048596
0.048578
0.048559
0.048540
0.048522
0.048503
0.048485
0.048466
0.048448
0.048429
0.048411
0.048392
0.048374
0.048356
0.048337
0.048319
0.048301
0.048282
0.048264
0.048246
0.048228
0.048209
0.048191
0.048173
0.048155
0.048137
0.048119
0.048100
0.048082
0.048064
0.048046
0.048028
0.048010
0.047992
0.047974
0.047956
0.047939
0.047921
0.047903
0.047885
0.047867
0.047849
0.047832
0.047814
0.047796
0.047778
0.047761
0.047743
0.047725
0.047708
0.047690
0.047673
0.047655
0.047637
0.047620
0.047602
0.047585
0.047568
0.047550
0.047533
0.047515
0.047498
0.047481
0.047463
0.047446
0.047429
0.047411
0.047394
0.047377
0.047360
0.047343
0.047325
0.047308
0.047291
0.047274
0.047257
0.047240
0.047223
0.047206
0.047189
0.047172
0.047155
0.047138
0.047121
0.047104
0.047087
0.047071
0.047054
0.047037
0.047020
0.047003
0.046987
0.046970
0.046953
0.046937
0.046920
0.046903
0.046887
0.046870
0.046854
0.046837
0.046821
0.046804
0.046788
0.046771
0.046755
0.046739
0.046722
0.046706
0.046690
0.046673
0.046657
0.046641
0.046624
0.046608
0.046592
0.046576
0.046560
0.046544
0.046527
0.046511
0.046495
0.046479
0.046463
0.046447
0.046431
0.046415
0.046400
0.046384
0.046368
0.046352
0.046336
0.046320
0.046305
0.046289
0.046273
0.046257
0.046242
0.046226
0.046210
0.046195
0.046179
0.046164
0.046148
0.046133
0.046117
0.046102
0.046087
0.046071
0.046056
0.046041
0.046025
0.046010
0.045995
0.045980
0.045965
0.045950
0.045935
0.045920
0.045905
0.045890
0.045876
0.045861
0.045846
0.045832
0.045817
0.045803
0.045789
0.045774
0.045760
0.045746
0.045732
0.045718
0.045704
0.045690
0.045676
0.045662
0.045648
0.045635
0.045621
0.045607
0.045593
0.045579
0.045566
0.045552
0.045538
0.045524
0.045511
0.045497
0.045484
0.045470
0.045456
0.045443
0.045429
0.045416
0.045402
0.045389
0.045375
0.045362
0.045348
0.045335
0.045322
0.045308
0.045295
0.045282
0.045268
0.045255
0.045242
0.045228
0.045215
0.045202
0.045189
0.045176
0.045162
0.045149
0.045136
0.045123
0.045110
0.045097
0.045084
0.045071
0.045058
0.045045
0.045032
0.045019
0.045006
0.044993
0.044980
0.044967
0.044954
0.044942
0.044929
0.044916
0.044903
0.044890
0.044878
0.044865
0.044852
0.044840
0.044827
0.044814
0.044802
0.044789
0.044776
0.044764
0.044751
0.044739
0.044726
0.044714
0.044701
0.044689
0.044676
0.044664
0.044651
0.044639
0.044627
0.044614
0.044602
0.044590
0.044577
0.044565
0.044553
0.044541
0.044528
0.044516
0.044504
0.044492
0.044480
0.044467
0.044455
0.044443
0.044431
0.044419
0.044407
0.044395
0.044383
0.044371
0.044359
0.044347
0.044335
0.044323
0.044311
0.044299
0.044288
0.044276
0.044264
0.044252
0.044240
0.044229
0.044217
0.044205
0.044193
0.044182
0.044170
0.044158
0.044147
0.044135
0.044123
0.044112
0.044100
0.044089
0.044077
0.044065
0.044054
0.044042
0.044031
0.044019
0.044008
0.043997
0.043985
0.043974
0.043962
0.043951
0.043940
0.043928
0.043917
0.043906
0.043894
0.043883
0.043872
0.043861
0.043849
0.043838
0.043827
0.043816
0.043805
0.043794
0.043783
0.043771
0.043760
0.043749
0.043738
0.043727
0.043716
0.043705
0.043694
0.043683
0.043672
0.043661
0.043651
0.043640
0.043629
0.043618
0.043607
0.043596
0.043585
0.043575
0.043564
0.043553
0.043542
0.043531
0.043521
0.043510
0.043499
0.043489
0.043478
0.043467
0.043457
0.043446
0.043436
0.043425
0.043414
0.043404
0.043393
0.043383
0.043372
0.043362
0.043351
0.043341
0.043330
0.043320
0.043310
0.043299
0.043289
0.043278
0.043268
0.043258
0.043247
0.043237
0.043227
0.043217
0.043206
0.043196
0.043186
0.043176
0.043165
0.043155
0.043145
0.043135
0.043125
0.043115
0.043105
0.043094
0.043084
0.043074
0.043064
0.043054
0.043044
0.043034
0.043024
0.043014
0.043004
0.042994
0.042984
0.042974
0.042964
0.042955
0.042945
0.042935
0.042925
0.042915
0.042905
0.042895
0.042886
0.042876
0.042866
0.042856
0.042847
0.042837
0.042827
0.042817
0.042808
0.042798
0.042788
0.042779
0.042769
0.042760
0.042750
