416.899953
403.007801
382.006904
341.153897
286.308197
232.897292
182.139581
139.010744
106.213321
81.874689
64.099367
51.138670
41.633231
34.623465
29.418284
25.507282
22.518913
20.190757
18.341622
16.847558
15.623344
14.609179
13.761631
13.047876
12.442267
11.924379
11.477838
11.089535
10.749016
10.447972
10.179811
9.939302
9.722273
9.525381
9.345914
9.181645
9.030720
8.891566
8.762832
8.643338
8.532041
8.428009
8.330407
8.238478
8.151535
8.068954
7.990165
7.914644
7.841910
7.771520
7.703063
7.636155
7.570436
7.505570
7.441243
7.377160
7.313052
7.248676
7.183829
7.118347
7.052126
6.985126
6.917386
6.849024
6.780240
6.711305
6.642538
6.574283
6.506876
6.440622
6.375767
6.312493
6.250910
6.191068
6.132963
6.076553
6.021769
5.968524
5.916727
5.866282
5.817099
5.769089
5.722173
5.676277
5.631334
5.587283
5.544070
5.501646
5.459965
5.418990
5.378684
5.339014
5.299951
5.261470
5.223545
5.186155
5.149279
5.112900
5.076999
5.041560
5.006568
4.972009
4.937869
4.904135
4.870793
4.837832
4.805240
4.773003
4.741111
4.709551
4.678311
4.647380
4.616745
4.586395
4.556316
4.526496
4.496922
4.467581
4.438459
4.409542
4.380815
4.352262
4.323869
4.295617
4.267490
4.239469
4.211533
4.183662
4.155832
4.128019
4.100196
4.072334
4.044401
4.016362
3.988179
3.959809
3.931206
3.902320
3.873093
3.843465
3.813371
3.782739
3.751494
3.719557
3.686850
3.653291
3.618803
3.583313
3.546757
3.509081
3.470247
3.430235
3.389043
3.346694
3.303233
3.258733
3.213288
3.167019
3.120068
3.072594
3.024770
2.976778
2.928800
2.881015
2.833592
2.786684
2.740428
2.694937
2.650305
2.606603
2.563881
2.522172
2.481489
2.441836
2.403201
2.365566
2.328905
2.293189
2.258385
2.224458
2.191376
2.159103
2.127609
2.096861
2.066831
2.037492
2.008818
1.980785
1.953371
1.926555
1.900318
1.874641
1.849508
1.824902
1.800808
1.777211
1.754097
1.731454
1.709269
1.687529
1.666223
1.645339
1.624868
1.604797
1.585118
1.565821
1.546896
1.528334
1.510126
1.492264
1.474739
1.457545
1.440672
1.424114
1.407863
1.391913
1.376256
1.360887
1.345799
1.330985
1.316441
1.302160
1.288137
1.274367
1.260843
1.247563
1.234520
1.221709
1.209127
1.196769
1.184630
1.172706
1.160993
1.149487
1.138183
1.127079
1.116170
1.105452
1.094921
1.084575
1.074409
1.064419
1.054603
1.044957
1.035477
1.026160
1.017003
1.008002
0.999154
0.990456
0.981905
0.973498
0.965230
0.957100
0.949105
0.941241
0.933505
0.925895
0.918408
0.911040
0.903790
0.896654
0.889630
0.882715
0.875907
0.869203
0.862600
0.856097
0.849690
0.843378
0.837159
0.831029
0.824988
0.819033
0.813161
0.807372
0.801663
0.796031
0.790477
0.784996
0.779589
0.774254
0.768988
0.763790
0.758659
0.753593
0.748591
0.743652
0.738775
0.733957
0.729199
0.724498
0.719854
0.715266
0.710732
0.706253
0.701826
0.697451
0.693127
0.688854
0.684630
0.680454
0.676327
0.672247
0.668214
0.664227
0.660285
0.656388
0.652535
0.648726
0.644959
0.641236
0.637555
0.633915
0.630316
0.626758
0.623240
0.619761
0.616322
0.612922
0.609560
0.606236
0.602949
0.599700
0.596487
0.593310
0.590169
0.587064
0.583993
0.580958
0.577956
0.574988
0.572054
0.569152
0.566283
0.563447
0.560642
0.557868
0.555126
0.552414
0.549732
0.547081
0.544458
0.541865
0.539301
0.536765
0.534257
0.531776
0.529323
0.526897
0.524497
0.522123
0.519776
0.517453
0.515156
0.512884
0.510636
0.508412
0.506212
0.504035
0.501882
0.499751
0.497643
0.495557
0.493493
0.491450
0.489429
0.487429
0.485450
0.483491
0.481552
0.479633
0.477734
0.475854
0.473994
0.472152
0.470329
0.468524
0.466738
0.464969
0.463218
0.461484
0.459768
0.458069
0.456386
0.454720
0.453071
0.451438
0.449820
0.448219
0.446633
0.445062
0.443507
0.441966
0.440441
0.438930
0.437434
0.435952
0.434484
0.433030
0.431590
0.430164
0.428751
0.427352
0.425965
0.424592
0.423232
0.421885
0.420550
0.419228
0.417918
0.416620
0.415335
0.414061
0.412800
0.411550
0.410311
0.409084
0.407869
0.406665
0.405471
0.404289
0.403118
0.401957
0.400808
0.399668
0.398540
0.397421
0.396313
0.395215
0.394127
0.393048
0.391980
0.390921
0.389872
0.388833
0.387803
0.386782
0.385771
0.384769
0.383775
0.382791
0.381816
0.380849
0.379892
0.378942
0.378002
0.377069
0.376146
0.375230
0.374322
0.373423
0.372532
0.371649
0.370773
0.369906
0.369046
0.368193
0.367348
0.366511
0.365681
0.364859
0.364043
0.363235
0.362434
0.361640
0.360853
0.360073
0.359300
0.358533
0.357773
0.357020
0.356273
0.355533
0.354799
0.354071
0.353350
0.352634
0.351925
0.351222
0.350525
0.349834
0.349149
0.348470
0.347796
0.347128
0.346466
0.345809
0.345158
0.344512
0.343871
0.343236
0.342606
0.341982
0.341362
0.340748
0.340138
0.339534
0.338934
0.338339
0.337750
0.337164
0.336584
0.336008
0.335437
0.334871
0.334309
0.333751
0.333198
0.332649
0.332104
0.331564
0.331028
0.330496
0.329968
0.329444
0.328924
0.328408
0.327896
0.327388
0.326884
0.326383
0.325886
0.325393
0.324904
0.324418
0.323936
0.323457
0.322982
0.322511
0.322042
0.321577
0.321116
0.320657
0.320202
0.319750
0.319302
0.318856
0.318414
0.317975
0.317538
0.317105
0.316675
0.316247
0.315823
0.315401
0.314982
0.314566
0.314153
0.313742
0.313335
0.312929
0.312527
0.312127
0.311730
0.311335
0.310943
0.310553
0.310166
0.309781
0.309399
0.309019
0.308641
0.308266
0.307893
0.307522
0.307153
0.306787
0.306423
0.306061
0.305701
0.305344
0.304988
0.304635
0.304283
0.303934
0.303587
0.303241
0.302898
0.302557
0.302217
0.301880
0.301544
0.301210
0.300878
0.300548
0.300220
0.299893
0.299568
0.299245
0.298924
0.298604
0.298286
0.297970
0.297655
0.297342
0.297031
0.296721
0.296413
0.296106
0.295801
0.295498
0.295196
0.294895
0.294596
0.294299
0.294003
0.293708
0.293415
0.293123
0.292833
0.292544
0.292257
0.291970
0.291685
0.291402
0.291120
0.290839
0.290559
0.290281
0.290004
0.289728
0.289453
0.289180
0.288908
0.288637
0.288367
0.288099
0.287831
0.287565
0.287300
0.287036
0.286774
0.286512
0.286252
0.285992
0.285734
0.285477
0.285220
0.284965
0.284711
0.284458
0.284206
0.283955
0.283706
0.283457
0.283209
0.282962
0.282716
0.282471
0.282227
0.281984
0.281742
0.281500
0.281260
0.281021
0.280783
0.280545
0.280308
0.280073
0.279838
0.279604
0.279371
0.279139
0.278907
0.278677
0.278447
0.278218
0.277990
0.277763
0.277537
0.277311
0.277087
0.276863
0.276640
0.276417
0.276196
0.275975
0.275755
0.275536
0.275317
0.275099
0.274882
0.274666
0.274451
0.274236
0.274022
0.273808
0.273596
0.273384
0.273173
0.272962
0.272752
0.272543
0.272334
0.272127
0.271920
0.271713
0.271507
0.271302
0.271098
0.270894
0.270691
0.270488
0.270286
0.270085
0.269884
0.269684
0.269485
0.269286
0.269088
0.268890
0.268694
0.268497
0.268301
0.268106
0.267912
0.267718
0.267524
0.267332
0.267139
0.266948
0.266757
0.266566
0.266376
0.266187
0.265998
0.265809
0.265622
0.265435
0.265248
0.265062
0.264876
0.264691
0.264507
0.264323
0.264139
0.263956
0.263774
0.263592
0.263410
0.263229
0.263049
0.262869
0.262690
0.262511
0.262332
0.262155
0.261977
0.261800
0.261624
0.261448
0.261272
0.261097
0.260923
0.260749
0.260575
0.260402
0.260229
0.260057
0.259886
0.259714
0.259543
0.259373
0.259203
0.259034
0.258865
0.258696
0.258528
0.258360
0.258193
0.258026
0.257860
0.257694
0.257529
0.257364
0.257199
0.257035
0.256871
0.256708
0.256545
0.256382
0.256220
0.256058
0.255897
0.255736
0.255576
0.255416
0.255256
0.255097
0.254938
0.254779
0.254621
0.254464
0.254306
0.254149
0.253993
0.253837
0.253681
0.253526
0.253371
0.253216
0.253062
0.252908
0.252755
0.252602
0.252449
0.252297
0.252145
0.251994
0.251843
0.251692
0.251541
0.251391
0.251242
0.251092
0.250943
0.250795
0.250646
0.250499
0.250351
0.250204
0.250057
0.249911
0.249764
0.249619
0.249473
0.249328
0.249184
0.249039
0.248895
0.248751
0.248608
0.248465
0.248322
0.248180
0.248038
0.247897
0.247755
0.247614
0.247474
0.247333
0.247193
0.247054
0.246914
0.246775
0.246637
0.246498
0.246360
0.246223
0.246085
0.245948
0.245812
0.245675
0.245539
0.245403
0.245268
0.245133
0.244998
0.244863
0.244729
0.244595
0.244462
0.244329
0.244196
0.244063
0.243931
0.243799
0.243667
0.243535
0.243404
0.243273
0.243143
0.243013
0.242883
0.242753
0.242624
0.242495
0.242366
0.242238
0.242110
0.241982
0.241854
0.241727
0.241600
0.241473
0.241347
0.241221
0.241095
0.240970
0.240845
0.240720
0.240595
0.240471
0.240347
0.240223
0.240099
0.239976
0.239853
0.239730
0.239608
0.239486
0.239364
0.239243
0.239121
0.239000
0.238880
0.238759
0.238639
0.238519
0.238399
0.238280
0.238161
0.238042
0.237924
0.237805
0.237687
0.237570
0.237452
0.237335
0.237218
0.237101
0.236985
0.236869
0.236753
0.236637
0.236522
0.236407
0.236292
0.236177
0.236063
0.235949
0.235835
0.235722
0.235608
0.235495
0.235382
0.235270
0.235158
0.235046
0.234934
0.234822
0.234711
0.234600
0.234489
0.234379
0.234268
0.234158
0.234049
0.233939
0.233830
0.233721
0.233612
0.233503
0.233395
0.233287
0.233179
0.233072
0.232964
0.232857
0.232750
0.232644
0.232537
0.232431
0.232325
0.232220
0.232114
0.232009
0.231904
0.231799
0.231695
0.231591
0.231487
0.231383
0.231279
0.231176
0.231073
0.230970
0.230867
0.230765
0.230663
0.230561
0.230459
0.230357
0.230256
0.230155
0.230054
0.229954
0.229853
0.229753
0.229653
0.229553
0.229454
0.229355
0.229255
0.229157
0.229058
0.228960
0.228861
0.228763
0.228666
0.228568
0.228471
0.228374
0.228277
0.228180
0.228084
0.227987
0.227891
0.227795
0.227700
0.227604
0.227509
0.227414
0.227319
0.227225
0.227130
0.227036
0.226942
0.226849
0.226755
0.226662
0.226568
0.226476
0.226383
0.226290
0.226198
0.226106
0.226014
0.225922
0.225831
0.225739
0.225648
0.225557
0.225466
0.225376
0.225285
0.225195
0.225105
0.225016
0.224926
0.224837
0.224747
0.224658
0.224570
0.224481
0.224392
0.224304
0.224216
0.224128
0.224041
0.223953
0.223866
0.223779
0.223692
0.223605
0.223519
0.223432
0.223346
0.223260
0.223174
0.223088
0.223003
0.222918
0.222833
0.222748
0.222663
0.222578
0.222494
0.222410
0.222326
0.222242
0.222158
0.222075
0.221991
0.221908
0.221825
0.221743
0.221660
0.221577
0.221495
0.221413
0.221331
0.221249
0.221168
0.221086
0.221005
0.220924
0.220843
0.220762
0.220682
0.220601
0.220521
0.220441
0.220361
0.220281
0.220202
0.220122
0.220043
0.219964
0.219885
0.219806
0.219727
0.219649
0.219571
0.219492
0.219414
0.219337
0.219259
0.219181
0.219104
0.219027
0.218950
0.218873
0.218796
0.218720
0.218643
0.218567
0.218491
0.218415
0.218339
0.218263
0.218188
0.218112
0.218037
0.217962
0.217887
0.217812
0.217738
0.217663
0.217589
0.217515
0.217441
0.217367
0.217293
0.217220
0.217146
0.217073
0.217000
0.216927
0.216854
0.216781
0.216708
0.216636
0.216564
0.216491
0.216419
0.216347
0.216276
0.216204
0.216133
0.216061
0.215990
0.215919
0.215848
0.215777
0.215707
0.215636
0.215566
0.215495
0.215425
0.215355
0.215285
0.215216
0.215146
0.215076
0.215007
0.214938
0.214869
0.214800
0.214731
0.214662
0.214594
0.214525
0.214457
0.214389
0.214321
0.214253
0.214185
0.214117
0.214050
0.213982
0.213915
0.213848
0.213781
0.213714
0.213647
0.213580
0.213514
0.213447
0.213381
0.213315
0.213249
0.213183
0.213117
0.213051
0.212985
0.212920
0.212855
0.212789
0.212724
0.212659
0.212594
0.212529
0.212465
0.212400
0.212336
0.212271
0.212207
0.212143
0.212079
0.212015
0.211951
0.211888
0.211824
0.211761
0.211697
0.211634
0.211571
0.211508
0.211445
0.211382
0.211320
0.211257
0.211195
0.211132
0.211070
0.211008
0.210946
0.210884
0.210822
0.210760
0.210699
0.210637
0.210576
0.210514
0.210453
0.210392
0.210331
0.210270
0.210210
0.210149
0.210088
0.210028
0.209967
0.209907
0.209847
0.209787
0.209727
0.209667
0.209607
0.209548
0.209488
0.209428
0.209369
0.209310
0.209251
0.209191
0.209132
0.209074
0.209015
0.208956
0.208897
0.208839
0.208780
0.208722
0.208664
0.208606
0.208548
0.208490
0.208432
0.208374
0.208316
0.208259
0.208201
0.208144
0.208086
0.208029
0.207972
0.207915
0.207858
0.207801
0.207744
0.207688
0.207631
0.207575
0.207518
0.207462
0.207406
0.207349
0.207293
0.207237
0.207181
0.207126
0.207070
0.207014
0.206959
0.206903
0.206848
0.206792
0.206737
0.206682
0.206627
0.206572
0.206517
0.206462
0.206408
0.206353
0.206298
0.206244
0.206189
0.206135
0.206081
0.206027
0.205973
0.205919
0.205865
0.205811
0.205757
0.205703
0.205650
0.205596
0.205543
0.205490
0.205436
0.205383
0.205330
0.205277
0.205224
0.205171
0.205118
0.205065
0.205013
0.204960
0.204908
0.204855
0.204803
0.204750
0.204698
0.204646
0.204594
0.204542
0.204490
0.204438
0.204386
0.204335
0.204283
0.204232
0.204180
0.204129
0.204077
0.204026
0.203975
0.203924
0.203873
0.203822
0.203771
0.203720
0.203669
0.203618
0.203568
0.203517
0.203467
0.203416
0.203366
0.203316
0.203265
0.203215
0.203165
0.203115
0.203065
0.203015
0.202966
0.202916
0.202866
0.202817
0.202767
0.202718
0.202668
0.202619
0.202569
0.202520
0.202471
0.202422
0.202373
0.202324
0.202275
0.202226
0.202178
0.202129
0.202080
0.202032
0.201983
0.201935
0.201886
0.201838
0.201790
0.201742
0.201693
0.201645
0.201597
0.201549
0.201502
0.201454
0.201406
0.201358
0.201311
0.201263
0.201216
0.201168
0.201121
0.201073
0.201026
0.200979
0.200932
0.200885
0.200838
0.200791
0.200744
0.200697
0.200650
0.200603
0.200557
0.200510
0.200464
0.200417
0.200371
0.200324
0.200278
0.200232
0.200185
0.200139
0.200093
0.200047
0.200001
0.199955
0.199909
0.199863
0.199818
0.199772
0.199726
0.199681
0.199635
0.199590
0.199544
0.199499
0.199453
0.199408
0.199363
0.199318
0.199273
0.199228
0.199183
0.199138
0.199093
0.199048
0.199003
0.198958
0.198914
0.198869
0.198825
0.198780
0.198736
0.198691
0.198647
0.198603
0.198558
0.198514
0.198470
0.198426
0.198382
0.198338
0.198294
0.198250
0.198206
0.198162
0.198118
0.198075
0.198031
0.197988
0.197944
0.197900
0.197857
0.197814
0.197770
0.197727
0.197684
0.197641
0.197597
0.197554
0.197511
0.197468
0.197425
0.197382
0.197339
0.197297
0.197254
0.197211
0.197168
0.197126
0.197083
0.197041
0.196998
0.196956
0.196913
0.196871
0.196829
0.196787
0.196744
0.196702
0.196660
0.196618
0.196576
0.196534
0.196492
0.196450
0.196408
0.196367
0.196325
0.196283
0.196242
0.196200
0.196158
0.196117
0.196075
0.196034
0.195993
0.195951
0.195910
0.195869
0.195827
0.195786
0.195745
0.195704
0.195663
0.195622
0.195581
0.195540
0.195499
0.195459
0.195418
0.195377
0.195336
0.195296
0.195255
0.195215
0.195174
0.195134
0.195093
0.195053
0.195012
0.194972
0.194932
0.194892
0.194851
0.194811
0.194771
0.194731
0.194691
0.194651
0.194611
0.194571
0.194532
0.194492
0.194452
0.194412
0.194373
0.194333
0.194293
0.194254
0.194214
0.194175
0.194135
0.194096
0.194056
0.194017
0.193978
0.193939
0.193899
0.193860
0.193821
0.193782
0.193743
0.193704
0.193665
0.193626
0.193587
0.193548
0.193509
0.193471
0.193432
0.193393
0.193355
0.193316
0.193277
0.193239
0.193200
0.193162
0.193123
0.193085
0.193047
0.193008
0.192970
0.192932
0.192893
0.192855
0.192817
0.192779
0.192741
0.192703
0.192665
0.192627
0.192589
0.192551
0.192513
0.192476
0.192438
0.192400
0.192362
0.192325
0.192287
0.192249
0.192212
0.192174
0.192137
0.192099
0.192062
0.192025
0.191987
0.191950
0.191913
0.191875
0.191838
0.191801
0.191764
0.191727
0.191690
0.191653
0.191616
0.191579
0.191542
0.191505
0.191468
0.191431
0.191394
0.191357
0.191321
0.191284
0.191247
0.191211
0.191174
0.191138
0.191101
0.191065
0.191028
0.190992
0.190955
0.190919
0.190883
0.190846
0.190810
0.190774
0.190738
0.190701
0.190665
0.190629
0.190593
0.190557
0.190521
0.190485
0.190449
0.190413
0.190377
0.190342
0.190306
0.190270
0.190234
0.190198
0.190163
0.190127
0.190091
0.190056
0.190020
0.189985
0.189949
0.189914
0.189878
0.189843
0.189808
0.189772
0.189737
0.189702
0.189666
0.189631
0.189596
0.189561
0.189526
0.189491
0.189456
0.189420
0.189385
0.189351
0.189316
0.189281
0.189246
0.189211
0.189176
0.189141
0.189106
0.189072
0.189037
0.189002
0.188968
0.188933
0.188898
0.188864
0.188829
0.188795
0.188760
0.188726
0.188692
0.188657
0.188623
0.188588
0.188554
0.188520
0.188486
0.188451
0.188417
0.188383
0.188349
0.188315
0.188281
0.188247
0.188213
0.188179
0.188145
0.188111
0.188077
0.188043
0.188009
0.187975
0.187942
0.187908
0.187874
0.187840
0.187807
0.187773
0.187739
0.187706
0.187672
0.187639
0.187605
0.187572
0.187538
0.187505
0.187471
0.187438
0.187405
0.187371
0.187338
0.187305
0.187271
0.187238
0.187205
0.187172
0.187139
0.187106
0.187073
0.187039
0.187006
0.186973
0.186940
0.186907
0.186875
0.186842
0.186809
0.186776
0.186743
0.186710
0.186677
0.186645
0.186612
0.186579
0.186547
0.186514
0.186481
0.186449
0.186416
0.186384
0.186351
0.186319
0.186286
0.186254
0.186221
0.186189
0.186157
0.186124
0.186092
0.186060
0.186027
0.185995
0.185963
0.185931
0.185898
0.185866
0.185834
0.185802
0.185770
0.185738
0.185706
0.185674
0.185642
0.185610
0.185578
0.185546
0.185514
0.185482
0.185451
0.185419
0.185387
0.185355
0.185324
0.185292
0.185260
0.185228
0.185197
0.185165
0.185134
0.185102
0.185071
0.185039
0.185007
0.184976
0.184945
0.184913
0.184882
0.184850
0.184819
0.184788
0.184756
0.184725
0.184694
0.184663
0.184631
0.184600
0.184569
0.184538
0.184507
0.184476
0.184444
0.184413
0.184382
0.184351
0.184320
0.184289
0.184258
0.184227
0.184197
0.184166
0.184135
0.184104
0.184073
0.184042
0.184012
0.183981
0.183950
0.183919
0.183889
0.183858
0.183827
0.183797
0.183766
0.183736
0.183705
0.183675
0.183644
0.183614
0.183583
0.183553
0.183522
0.183492
0.183461
0.183431
0.183401
0.183370
0.183340
0.183310
0.183280
0.183249
0.183219
0.183189
0.183159
0.183129
0.183099
0.183068
0.183038
0.183008
0.182978
0.182948
0.182918
0.182888
0.182858
0.182828
0.182798
0.182769
0.182739
0.182709
0.182679
0.182649
0.182619
0.182590
0.182560
0.182530
0.182500
0.182471
0.182441
0.182411
0.182382
0.182352
0.182323
0.182293
0.182263
0.182234
0.182204
0.182175
0.182145
0.182116
0.182087
0.182057
0.182028
0.181998
0.181969
0.181940
0.181910
0.181881
0.181852
0.181823
0.181793
0.181764
0.181735
0.181706
0.181677
0.181647
0.181618
0.181589
0.181560
0.181531
0.181502
0.181473
0.181444
0.181415
0.181386
0.181357
0.181328
0.181299
0.181270
0.181241
0.181213
0.181184
0.181155
0.181126
0.181097
0.181069
0.181040
0.181011
0.180982
