260.555327
2.130566
0.465857
0.299175
0.220252
0.223332
0.225164
0.222810
0.226156
0.227735
0.233157
0.229516
0.220165
0.207401
0.189009
0.187837
0.188019
0.187760
0.187064
0.186095
0.184997
0.183863
0.182749
0.181682
0.180678
0.179740
0.178869
0.178064
0.177322
0.176640
0.176015
0.175443
0.174923
0.174451
0.174025
0.173642
0.173299
0.172993
0.172722
0.172481
0.172268
0.172078
0.171908
0.171752
0.171607
0.171469
0.171336
0.171208
0.171095
0.171015
0.171004
0.171125
0.171481
0.172252
0.173802
0.177084
0.185107
0.186054
0.169269
0.157423
0.148085
0.140544
0.134310
0.129037
0.124492
0.120518
0.117002
0.113864
0.111040
0.108482
0.106152
0.104020
0.102060
0.100253
0.098581
0.097031
0.095590
0.094247
0.092995
0.091825
0.090731
0.089705
0.088745
0.087843
0.086997
0.086202
0.085454
0.084752
0.084090
0.083468
0.082882
0.082329
0.081809
0.081317
0.080853
0.080414
0.079998
0.079604
0.079230
0.078875
0.078537
0.078214
0.077906
0.077610
0.077327
0.077054
0.076792
0.076538
0.076293
0.076054
0.075823
0.075598
0.075378
0.075164
0.074954
0.074748
0.074546
0.074348
0.074153
0.073962
0.073773
0.073586
0.073402
0.073220
0.073041
0.072863
0.072688
0.072514
0.072342
0.072171
0.072002
0.071835
0.071669
0.071504
0.071341
0.071180
0.071020
0.070863
0.070707
0.070555
0.070407
0.070265
0.070134
0.070026
0.069971
0.070111
0.069210
0.067654
0.066751
0.065956
0.065206
0.064491
0.063807
0.063153
0.062527
0.061927
0.061353
0.060803
0.060275
0.059769
0.059282
0.058813
0.058362
0.057926
0.057506
0.057100
0.056707
0.056327
0.055958
0.055601
0.055254
0.054918
0.054590
0.054272
0.053962
0.053661
0.053367
0.053080
0.052800
0.052528
0.052261
0.052001
0.051747
0.051498
0.051255
0.051017
0.050784
0.050556
0.050333
0.050114
0.049899
0.049689
0.049482
0.049280
0.049081
0.048886
0.048694
0.048506
0.048321
0.048139
0.047960
0.047784
0.047611
0.047441
0.047274
0.047109
0.046947
0.046787
0.046630
0.046475
0.046322
0.046172
0.046023
0.045877
0.045733
0.045591
0.045451
0.045312
0.045176
0.045041
0.044908
0.044777
0.044648
0.044520
0.044394
0.044270
0.044147
0.044025
0.043905
0.043787
0.043670
0.043554
0.043440
0.043327
0.043216
0.043105
0.042996
0.042888
0.042781
0.042676
0.042571
0.042468
0.042365
0.042263
0.042163
0.042063
0.041964
0.041866
0.041768
0.041672
0.041576
0.041480
0.041386
0.041292
0.041199
0.041106
0.041014
0.040923
0.040832
0.040742
0.040652
0.040564
0.040475
0.040388
0.040301
0.040214
0.040129
0.040044
0.039959
0.039876
0.039792
0.039710
0.039628
0.039547
0.039467
0.039387
0.039307
0.039229
0.039151
0.039074
0.038997
0.038921
0.038846
0.038771
0.038697
0.038624
0.038551
0.038479
0.038408
0.038337
0.038267
0.038197
0.038128
0.038060
0.037992
0.037925
0.037858
0.037792
0.037726
0.037661
0.037597
0.037533
0.037470
0.037407
0.037345
0.037283
0.037222
0.037161
0.037101
0.037041
0.036982
0.036923
0.036865
0.036807
0.036750
0.036693
0.036637
0.036581
0.036525
0.036470
0.036415
0.036361
0.036307
0.036254
0.036201
0.036149
0.036096
0.036045
0.035993
0.035942
0.035892
0.035842
0.035792
0.035742
0.035693
0.035644
0.035596
0.035548
0.035500
0.035453
0.035406
0.035359
0.035312
0.035266
0.035221
0.035175
0.035130
0.035085
0.035040
0.034996
0.034952
0.034908
0.034865
0.034822
0.034779
0.034736
0.034694
0.034652
0.034610
0.034568
0.034527
0.034486
0.034445
0.034404
0.034364
0.034324
0.034284
0.034244
0.034204
0.034165
0.034126
0.034087
0.034048
0.034010
0.033972
0.033933
0.033895
0.033858
0.033820
0.033783
0.033745
0.033708
0.033671
0.033635
0.033598
0.033562
0.033525
0.033489
0.033453
0.033417
0.033381
0.033346
0.033310
0.033275
0.033240
0.033204
0.033169
0.033135
0.033100
0.033065
0.033030
0.032996
0.032961
0.032927
0.032893
0.032858
0.032824
0.032790
0.032756
0.032722
0.032688
0.032654
0.032621
0.032587
0.032553
0.032519
0.032486
0.032452
0.032418
0.032385
0.032351
0.032317
0.032283
0.032250
0.032216
0.032182
0.032148
0.032114
0.032080
0.032046
0.032012
0.031977
0.031943
0.031908
0.031873
0.031838
0.031803
0.031768
0.031732
0.031696
0.031660
0.031623
0.031586
0.031548
0.031510
0.031472
0.031432
0.031392
0.031352
0.031310
0.031268
0.031224
0.031179
0.031133
0.031085
0.031036
0.030984
0.030930
0.030874
0.030815
0.030753
0.030687
0.030618
0.030544
0.030465
0.030382
0.030294
0.030200
0.030100
0.029996
0.029887
0.029773
0.029656
0.029537
0.029416
0.029294
0.029174
0.029054
0.028938
0.028824
0.028713
0.028607
0.028504
0.028406
0.028311
0.028220
0.028133
0.028049
0.027968
0.027890
0.027814
0.027742
0.027671
0.027603
0.027537
0.027473
0.027410
0.027349
0.027290
0.027232
0.027175
0.027120
0.027066
0.027013
0.026961
0.026911
0.026861
0.026812
0.026764
0.026717
0.026671
0.026626
0.026581
0.026538
0.026495
0.026452
0.026411
0.026370
0.026330
0.026290
0.026251
0.026212
0.026174
0.026137
0.026100
0.026064
0.026028
0.025993
0.025958
0.025924
0.025890
0.025856
0.025823
0.025790
0.025758
0.025726
0.025695
0.025664
0.025633
0.025603
0.025573
0.025543
0.025514
0.025485
0.025456
0.025428
0.025400
0.025372
0.025345
0.025318
0.025291
0.025264
0.025238
0.025212
0.025186
0.025161
0.025135
0.025110
0.025086
0.025061
0.025037
0.025013
0.024989
0.024965
0.024942
0.024919
0.024896
0.024873
0.024851
0.024829
0.024806
0.024785
0.024763
0.024741
0.024720
0.024699
0.024678
0.024657
0.024637
0.024616
0.024596
0.024576
0.024556
0.024536
0.024517
0.024497
0.024478
0.024459
0.024440
0.024421
0.024402
0.024384
0.024365
0.024347
0.024329
0.024311
0.024293
0.024276
0.024258
0.024241
0.024224
0.024207
0.024190
0.024173
0.024156
0.024139
0.024123
0.024107
0.024090
0.024074
0.024058
0.024042
0.024026
0.024011
0.023995
0.023980
0.023964
0.023949
0.023934
0.023919
0.023904
0.023889
0.023875
0.023860
0.023846
0.023831
0.023817
0.023803
0.023789
0.023775
0.023761
0.023747
0.023733
0.023720
0.023706
0.023693
0.023679
0.023666
0.023653
0.023640
0.023627
0.023614
0.023601
0.023588
0.023575
0.023563
0.023550
0.023538
0.023525
0.023513
0.023501
0.023489
0.023477
0.023465
0.023453
0.023441
0.023429
0.023417
0.023406
0.023394
0.023383
0.023371
0.023360
0.023349
0.023337
0.023326
0.023315
0.023304
0.023293
0.023282
0.023271
0.023261
0.023250
0.023239
0.023229
0.023218
0.023208
0.023197
0.023187
0.023177
0.023167
0.023156
0.023146
0.023136
0.023126
0.023116
0.023107
0.023097
0.023087
0.023077
0.023068
0.023058
0.023048
0.023039
0.023029
0.023020
0.023011
0.023001
0.022992
0.022983
0.022974
0.022965
0.022956
0.022947
0.022938
0.022929
0.022920
0.022911
0.022902
0.022894
0.022885
0.022876
0.022868
0.022859
0.022851
0.022842
0.022834
0.022826
0.022817
0.022809
0.022801
0.022793
0.022785
0.022776
0.022768
0.022760
0.022752
0.022744
0.022737
0.022729
0.022721
0.022713
0.022705
0.022698
0.022690
0.022682
0.022675
0.022667
0.022660
0.022652
0.022645
0.022637
0.022630
0.022623
0.022615
0.022608
0.022601
0.022594
0.022587
0.022579
0.022572
0.022565
0.022558
0.022551
0.022544
0.022537
0.022530
0.022524
0.022517
0.022510
0.022503
0.022497
0.022490
0.022483
0.022477
0.022470
0.022463
0.022457
0.022450
0.022444
0.022437
0.022431
0.022425
0.022418
0.022412
0.022406
0.022399
0.022393
0.022387
0.022381
0.022374
0.022368
0.022362
0.022356
0.022350
0.022344
0.022338
0.022332
0.022326
0.022320
0.022314
0.022309
0.022303
0.022297
0.022291
0.022285
0.022280
0.022274
0.022268
0.022263
0.022257
0.022251
0.022246
0.022240
0.022235
0.022229
0.022224
0.022218
0.022213
0.022207
0.022202
0.022197
0.022191
0.022186
0.022181
0.022175
0.022170
0.022165
0.022160
0.022155
0.022149
0.022144
0.022139
0.022134
0.022129
0.022124
0.022119
0.022114
0.022109
0.022104
0.022099
0.022094
0.022089
0.022084
0.022080
0.022075
0.022070
0.022065
0.022060
0.022056
0.022051
0.022046
0.022042
0.022037
0.022032
0.022028
0.022023
0.022018
0.022014
0.022009
0.022005
0.022000
0.021996
0.021991
0.021987
0.021982
0.021978
0.021974
0.021969
0.021965
0.021960
0.021956
0.021952
0.021948
0.021943
0.021939
0.021935
0.021931
0.021926
0.021922
0.021918
0.021914
0.021910
0.021906
0.021902
0.021897
0.021893
0.021889
0.021885
0.021881
0.021877
0.021873
0.021869
0.021865
0.021862
0.021858
0.021854
0.021850
0.021846
0.021842
0.021838
0.021835
0.021831
0.021827
0.021823
0.021819
0.021816
0.021812
0.021808
0.021805
0.021801
0.021797
0.021794
0.021790
0.021786
0.021783
0.021779
0.021776
0.021772
0.021769
0.021765
0.021762
0.021758
0.021755
0.021751
0.021748
0.021744
0.021741
0.021738
0.021734
0.021731
0.021728
0.021724
0.021721
0.021718
0.021714
0.021711
0.021708
0.021704
0.021701
0.021698
0.021695
0.021692
0.021688
0.021685
0.021682
0.021679
0.021676
0.021673
0.021670
0.021667
0.021663
0.021660
0.021657
0.021654
0.021651
0.021648
0.021645
0.021642
0.021639
0.021636
0.021633
0.021631
0.021628
0.021625
0.021622
0.021619
0.021616
0.021613
0.021610
0.021608
0.021605
0.021602
0.021599
0.021596
0.021594
0.021591
0.021588
0.021586
0.021583
0.021580
0.021577
0.021575
0.021572
0.021569
0.021567
0.021564
0.021562
0.021559
0.021556
0.021554
0.021551
0.021549
0.021546
0.021544
0.021541
0.021539
0.021536
0.021534
0.021531
0.021529
0.021526
0.021524
0.021521
0.021519
0.021517
0.021514
0.021512
0.021510
0.021507
0.021505
0.021502
0.021500
0.021498
0.021496
0.021493
0.021491
0.021489
0.021487
0.021484
0.021482
0.021480
0.021478
0.021475
0.021473
0.021471
0.021469
0.021467
0.021465
0.021463
0.021460
0.021458
0.021456
0.021454
0.021452
0.021450
0.021448
0.021446
0.021444
0.021442
0.021440
0.021438
0.021436
0.021434
0.021432
0.021430
0.021428
0.021426
0.021424
0.021422
0.021420
0.021419
0.021417
0.021415
0.021413
0.021411
0.021409
0.021408
0.021406
0.021404
0.021402
0.021400
0.021399
0.021397
0.021395
0.021393
0.021392
0.021390
0.021388
0.021386
0.021385
0.021383
0.021381
0.021380
0.021378
0.021377
0.021375
0.021373
0.021372
0.021370
0.021369
0.021367
0.021365
0.021364
0.021362
0.021361
0.021359
0.021358
0.021356
0.021355
0.021353
0.021352
0.021350
0.021349
0.021347
0.021346
0.021345
0.021343
0.021342
0.021340
0.021339
0.021338
0.021336
0.021335
0.021334
0.021332
0.021331
0.021330
0.021328
0.021327
0.021326
0.021325
0.021323
0.021322
0.021321
0.021320
0.021318
0.021317
0.021316
0.021315
0.021314
0.021312
0.021311
0.021310
0.021309
0.021308
0.021307
0.021306
0.021305
0.021303
0.021302
0.021301
0.021300
0.021299
0.021298
0.021297
0.021296
0.021295
0.021294
0.021293
0.021292
0.021291
0.021290
0.021289
0.021288
0.021287
0.021286
0.021286
0.021285
0.021284
0.021283
0.021282
0.021281
0.021280
0.021279
0.021279
0.021278
0.021277
0.021276
0.021275
0.021275
0.021274
0.021273
0.021272
0.021272
0.021271
0.021270
0.021269
0.021269
0.021268
0.021267
0.021267
0.021266
0.021265
0.021265
0.021264
0.021264
0.021263
0.021262
0.021262
0.021261
0.021261
0.021260
0.021259
0.021259
0.021258
0.021258
0.021257
0.021257
0.021256
0.021256
0.021255
0.021255
0.021255
0.021254
0.021254
0.021253
0.021253
0.021252
0.021252
0.021252
0.021251
0.021251
0.021251
0.021250
0.021250
0.021250
0.021249
0.021249
0.021249
0.021249
0.021248
0.021248
0.021248
0.021248
0.021247
0.021247
0.021247
0.021247
0.021247
0.021246
0.021246
0.021246
0.021246
0.021246
0.021246
0.021246
0.021246
0.021245
0.021245
0.021245
0.021245
0.021245
0.021245
0.021245
0.021245
0.021245
0.021245
0.021245
0.021245
0.021245
0.021245
0.021246
0.021246
0.021246
0.021246
0.021246
0.021246
0.021246
0.021246
0.021247
0.021247
0.021247
0.021247
0.021247
0.021248
0.021248
0.021248
0.021248
0.021249
0.021249
0.021249
0.021249
0.021250
0.021250
0.021250
0.021251
0.021251
0.021251
0.021252
0.021252
0.021253
0.021253
0.021253
0.021254
0.021254
0.021255
0.021255
0.021256
0.021256
0.021257
0.021257
0.021258
0.021258
0.021259
0.021260
0.021260
0.021261
0.021261
0.021262
0.021263
0.021263
0.021264
0.021265
0.021265
0.021266
0.021267
0.021268
0.021268
0.021269
0.021270
0.021271
0.021271
0.021272
0.021273
0.021274
0.021275
0.021276
0.021276
0.021277
0.021278
0.021279
0.021280
0.021281
0.021282
0.021283
0.021284
0.021285
0.021286
0.021287
0.021288
0.021289
0.021290
0.021291
0.021292
0.021293
0.021295
0.021296
0.021297
0.021298
0.021299
0.021300
0.021302
0.021303
0.021304
0.021305
0.021307
0.021308
0.021309
0.021310
0.021312
0.021313
0.021315
0.021316
0.021317
0.021319
0.021320
0.021322
0.021323
0.021324
0.021326
0.021327
0.021329
0.021331
0.021332
0.021334
0.021335
0.021337
0.021338
0.021340
0.021342
0.021343
0.021345
0.021347
0.021348
0.021350
0.021352
0.021354
0.021355
0.021357
0.021359
0.021361
0.021363
0.021365
0.021367
0.021368
0.021370
0.021372
0.021374
0.021376
0.021378
0.021380
0.021382
0.021384
0.021386
0.021389
0.021391
0.021393
0.021395
0.021397
0.021399
0.021401
0.021404
0.021406
0.021408
0.021410
0.021413
0.021415
0.021417
0.021420
0.021422
0.021425
0.021427
0.021429
0.021432
0.021434
0.021437
0.021439
0.021442
0.021444
0.021447
0.021450
0.021452
0.021455
0.021458
0.021460
0.021463
0.021466
0.021469
0.021471
0.021474
0.021477
0.021480
0.021483
0.021486
0.021488
0.021491
0.021494
0.021497
0.021500
0.021503
0.021506
0.021510
0.021513
0.021516
0.021519
0.021522
0.021525
0.021529
0.021532
0.021535
0.021538
0.021542
0.021545
0.021548
0.021552
0.021555
0.021559
0.021562
0.021566
0.021569
0.021573
0.021576
0.021580
0.021584
0.021587
0.021591
0.021595
0.021599
0.021602
0.021606
0.021610
0.021614
0.021618
0.021622
0.021626
0.021630
0.021634
0.021638
0.021642
0.021646
0.021650
0.021654
0.021658
0.021663
0.021667
0.021671
0.021676
0.021680
0.021684
0.021689
0.021693
0.021698
0.021702
0.021707
0.021711
0.021716
0.021721
0.021725
0.021730
0.021735
0.021740
0.021744
0.021749
0.021754
0.021759
0.021764
0.021769
0.021774
0.021779
0.021784
0.021789
0.021795
0.021800
0.021805
0.021810
0.021816
0.021821
0.021826
0.021832
0.021837
0.021843
0.021848
0.021854
0.021860
0.021865
0.021871
0.021877
0.021883
0.021889
0.021894
0.021900
0.021906
0.021912
0.021918
0.021924
0.021931
0.021937
0.021943
0.021949
0.021956
0.021962
0.021968
0.021975
0.021981
0.021988
0.021995
0.022001
0.022008
0.022015
0.022021
0.022028
0.022035
0.022042
0.022049
0.022056
0.022063
0.022070
0.022078
0.022085
0.022092
0.022099
0.022107
0.022114
0.022122
0.022129
0.022137
0.022145
0.022152
0.022160
0.022168
0.022176
0.022184
0.022192
0.022200
0.022208
0.022216
0.022224
0.022232
0.022241
0.022249
0.022258
0.022266
0.022275
0.022283
0.022292
0.022301
0.022310
0.022319
0.022328
0.022337
0.022346
0.022355
0.022364
0.022373
0.022383
0.022392
0.022401
0.022411
0.022421
0.022430
0.022440
0.022450
0.022460
0.022470
0.022480
0.022490
0.022500
0.022510
0.022521
0.022531
0.022542
0.022552
0.022563
0.022573
0.022584
0.022595
0.022606
0.022617
0.022628
0.022639
0.022650
0.022662
0.022673
0.022685
0.022696
0.022708
0.022720
0.022732
0.022743
0.022755
0.022768
0.022780
0.022792
0.022804
0.022817
0.022829
0.022842
0.022855
0.022867
0.022880
0.022893
0.022906
0.022920
0.022933
0.022946
0.022960
0.022973
0.022987
0.023001
0.023015
