[0.1, 10.0]
[0.1, 10.0]
[0.1, 10.0]
[0.1, 10.0]
[0.1, 10.0]
[0.1, 10.0]
[0.1, 10.0]
[0.1, 10.0]
[0.1, 10.0]
[0.1, 10.0]
[0.1, 10.0]
[0.1, 10.0]
[0.1, 10.0]
[0.1028242485801282, 9.725332436742551]
[0.10570358567150427, 9.46041701090166]
[0.10574153383180804, 9.45702188877452]
[1.0, 1.0]
[1.0, 1.0]
[1.0, 1.0]
[1.0, 1.0]
[1.0, 1.0]
[1.0, 1.0]
[1.0, 1.0]
[1.0, 1.0]
[1.0, 1.0]
[1.0, 1.0]
[1.0, 1.0]
[1.0, 1.0]
[1.0, 1.0]
[1.0, 1.0]
[1.0, 1.0]
[1.0, 1.0]
[1.0, 1.0]
[1.0, 1.0]
[1.0, 1.0]
[0.11028962034334758, 9.067036380095017]
[0.11062766304222668, 9.039330421526659]
[0.11216619013546898, 8.915342482366992]
[0.9918534465245961, 1.008213464906483]
[0.9910732285317804, 1.0090071764741786]
[0.9904916860072255, 1.0095995899078198]
[0.9900665843983777, 1.0100330783385225]
[0.9891152735866573, 1.0110045074664284]
[0.9887128092077465, 1.0114160458801964]
[0.11687733520897904, 8.555978780761725]
[0.1178292736167503, 8.486855339977609]
[0.984499263172971, 1.0157447927153052]
[0.9835142097970903, 1.0167621271138634]
[0.9816604936524711, 1.018682127340475]
[0.12278751150622215, 8.144150718042086]
[0.12334503358288573, 8.107338990086028]
[0.9754323154911856, 1.0251864574493241]
[0.9748652138416192, 1.0274604306863624]
[0.1288847424571888, 7.758870297096388]
[0.13110395378806577, 7.627535029313728]
[0.9691858346104467, 1.0317938668613937]
[0.9086710222348398, 1.1005082978661962]
[0.13434591664838155, 7.443471487244841]
[0.9016515722536282, 1.1090758678549801]
[0.907110942613604, 1.1024009887023967]
[0.8996498402679807, 1.1115435753338518]
[0.9067597877550209, 1.1028279082333654]
[0.9093400034123126, 1.0996986784343419]
[0.8979779038852995, 1.1136131475766602]
[0.9095051806405433, 1.0994989597483362]
[0.896528974254815, 1.1154129188420139]
[0.8951099431557298, 1.1171811995233547]
[0.8950453942147493, 1.1172617684685486]
[0.9651067765735853, 1.036154780251669]
[0.8932694763749122, 1.1194830075894053]
[0.1387124733260265, 7.311188351226627]
[0.8875871779069266, 1.1266498941074845]
[0.8867373134275791, 1.1277296949810505]
[0.9614339662825452, 1.0401130343528149]
[0.8862546697342888, 1.1283438430849833]
[0.9598172227816855, 1.0442429193714247]
[0.14144760832775088, 7.069755450957371]
[0.8839063100233303, 1.131341623722095]
[0.8834274158965295, 1.131954908808404]
[0.19200555426597762, 5.208182668584368]
[0.19139774368871348, 5.224721988501523]
[0.19509323471771442, 5.125754367889417]
[0.19076804115340518, 5.241968172204771]
[0.8827878035121962, 1.1327750519677229]
[0.19913876434414332, 5.0992301511096665]
[0.1488274583627567, 7.047515746492166]
[0.20181839146676778, 4.954949807756564]
[0.8808792736496818, 1.1352293440357317]
[0.8806312509703982, 1.1355490722116268]
[0.20493595170026074, 4.8795733091409925]
[0.18832426344663455, 5.309990235450304]
[0.9181110541076474, 1.0891928547488672]
[0.18729085427075703, 5.339289010633428]
[0.8787001213407789, 1.1380446818126457]
[0.8786811338349546, 1.138069273930528]
[0.15046021685421815, 6.646275147728295]
[0.18623534977671968, 5.369549879756527]
[0.21316957981686796, 4.6911008637306075]
[0.9197671061605832, 1.0872317495396588]
[0.1519277877492995, 6.582074384247136]
[0.1854057503476377, 5.393575971214429]
[0.9202850900382193, 1.0866197994780835]
[0.21434918541937772, 4.66970372917083]
[0.15379112923792704, 6.502325621479253]
[0.9517521412025451, 1.0506937223555846]
[0.1839463496299005, 5.436367734461689]
[0.21504940433478748, 4.650094256681626]
[0.9494762036787341, 1.053212282862395]
[0.18233720347554852, 5.484344285965208]
[0.21606580680107781, 4.628219591083449]
[0.9492144748561806, 1.0535026872104054]
[0.9224937305980264, 1.0865211393777083]
[0.21633605063978117, 4.622438086683431]
[0.15802227941502942, 6.328221588131898]
[0.9481308366572053, 1.0547067570607325]
[0.2168752925938969, 4.610944787853354]
[0.1807207447674753, 5.533399064322428]
[0.9238690190655149, 1.0824045177004538]
[0.17898303079523864, 5.635878907871768]
[0.16177093679751448, 6.181580077339111]
[0.16514646857442278, 6.055230902799189]
[0.17535717993310385, 5.7358918042219305]
[0.17421640390573298, 5.739987610702213]
[0.17412926071684956, 5.7428601941065684]
[0.9278287345104674, 1.0777851157278622]
[0.16815254497100057, 5.946981059207038]
[0.17173055901929585, 5.823075436956091]
[0.17155745963492938, 5.828950849050684]
[0.17151387742219784, 5.830432003693813]
[0.17003951886199048, 5.88098582431083]
[0.8698890817046712, 1.1495718489078608]
[0.92914301736427, 1.0762605770172307]
[0.8694947064194318, 1.1500932583223966]
[0.9373593343767559, 1.066826736904363]
[0.932657888209778, 1.072204516405779]
[0.867414829958071, 1.1528509375938822]
[0.8672037473970686, 1.1565849589101609]
[0.22421825332063994, 4.4599401930491585]
[0.8645649295942083, 1.1566511267920148]
[0.8586083623919009, 1.164675355844674]
[0.8584808766571417, 1.1648483119320292]
[0.8569612541404005, 1.1669139009126832]
[0.8542914909452992, 1.1705606465697909]
[0.8536669009350137, 1.1714170936049049]
[0.8526577993677634, 1.1728034397169524]
[0.2363306218290838, 4.231360253954767]
[0.2378456013482011, 4.204408214117109]
[0.23867422713582728, 4.189811409469483]
[0.8487778806006422, 1.1781645385154766]
[0.24027486176803403, 4.161900219780041]
[0.8453276512202241, 1.1829732513262845]
[0.2430304254650458, 4.114711144032566]
[0.8389726088798333, 1.1920239088606426]
[0.8373389517884945, 1.1942595025157656]
[0.24590038951743864, 4.066687336129992]
[0.24672051550220808, 4.053169222528843]
[0.2469762480869895, 4.048972351575208]
[0.8284566720091469, 1.2070637292048498]
[0.8281384784023378, 1.207527516327005]
[0.8280772591922958, 1.2076167880463198]
[0.24854568167428065, 4.023405247935472]
[0.24859522679809015, 4.022603381730266]
[0.8257964723226526, 1.210952133504977]
[0.8227434891816926, 1.215445656087304]
[0.2514555053623705, 3.9768467131348273]
[0.25198018898481545, 3.9685659576208225]
[0.8169422229322738, 1.2240767730313555]
[0.25640953953277135, 3.9000109037370327]
[0.8129417066438276, 1.2301005002295051]
[0.25696870646566855, 3.8915244340602295]
[0.8114780682240164, 1.2323191952538886]
[0.8110338761123372, 1.2329941195470964]
[0.26092436425712057, 3.83252826100432]
[0.8075988355471608, 1.2382385362436592]
[0.8048620667852168, 1.2424489130096588]
[0.2644081062085287, 3.7820323073277398]
[0.2646377505711663, 3.7787503779853977]
[0.8016111592836168, 1.2474876234179164]
[0.8001260770627866, 1.2498030356302574]
[0.8000419255100786, 1.2499344948234246]
[0.799840202397965, 1.2502497336367249]
[0.7988295124871356, 1.2518315665210278]
[0.2685673759667294, 3.7234604404217797]
[0.7976464715749119, 1.2536882386322747]
[0.797125059498393, 1.2545082958868088]
[0.7968594139414178, 1.2549265058610657]
[0.795952444543369, 1.2563564655846886]
[0.7929069667072516, 1.2616226778964497]
[0.2734004045696374, 3.6576390644853327]
[0.27350058704057456, 3.656299281915791]
[0.7916535394659493, 1.2631788404238065]
[0.7898756904345372, 1.2660219982841432]
[0.7890622534604158, 1.26732712864482]
[0.7885391807703028, 1.2681678024205807]
[0.7883018603747465, 1.2685495877488042]
[0.2777039458943966, 3.6009571156049516]
[0.7877194243868473, 1.2694875472677214]
[0.28287536272844055, 3.535125824867247]
[0.782290953532074, 1.2782967711501216]
[0.7810444632797638, 1.2803368399806556]
[0.7800526588419074, 1.2819647348996077]
[0.2845994044309852, 3.513710796406456]
[0.2847071513070978, 3.5123810392853656]
[0.7784328808511172, 1.2846322715795708]
[0.2864036773227737, 3.4915752805541365]
[0.7749427176100179, 1.2904179589996998]
[0.28937192119871774, 3.4557603096303153]
[0.2899200524358413, 3.4492267492304554]
[0.7734267093228584, 1.2929473315907443]
[0.29068437185254, 3.440157424449656]
[0.7692406044741504, 1.3030529314578518]
[0.7665680481127755, 1.304515629710779]
[0.7665557663810569, 1.304536530618044]
[0.7663339154987336, 1.3049141892006637]
[0.29525380814120644, 3.4065922433481037]
[0.7658529553512626, 1.3057336829644335]
[0.2962036705753129, 3.376055394781948]
[0.7630430023668355, 1.3105421278986404]
[0.2985249300374469, 3.3498039841247436]
[0.7602723251446831, 1.315318165513516]
[0.298873734326952, 3.3458945539391327]
[0.7597787105484676, 1.3161727041260762]
[0.759635891106551, 1.3164201582725559]
[0.30099433964009537, 3.3223216130765745]
[0.30178215883046033, 3.313648506841635]
[0.3024073570697544, 3.306797856010283]
[0.7556998248589242, 1.323276739129432]
[0.3040234051403591, 3.289220445177002]
[0.3042956266558203, 3.286277923182479]
[0.30472603815996785, 3.2816362068640936]
[0.304823657548175, 3.280585267047253]
[0.30515026389977856, 3.2770740133734018]
[0.30521853935434573, 3.2763409526675003]
[0.7528902200140204, 1.328214888993216]
[0.7521784124134921, 1.3294718161231591]
[0.3068152325128932, 3.2592905893548725]
[0.3069954562239868, 3.2573772012781537]
[0.74949720826909, 1.334227784929884]
[0.3084409736522123, 3.2421114100345387]
[0.7454147467482162, 1.3415350371888697]
[0.744620413096687, 1.342966137392412]
[0.743452249845334, 1.345076298051472]
[0.7434092494469985, 1.3451541001727814]
[0.31088426203590785, 3.2166311457879386]
[0.3116411878820745, 3.208818470998774]
[0.7412833176976201, 1.3490118772751258]
[0.7408554622654481, 1.3497909523972715]
[0.3124434483587182, 3.2005791936206456]
[0.7397741596880133, 1.351763895648548]
[0.7393268972465337, 1.352581657348445]
[0.7387129490712576, 1.353705795000946]
[0.7386435949742806, 1.3538328996609248]
[0.7328436045470458, 1.364547624889321]
[0.7314155573786427, 1.3672118263165616]
[0.7291833867486297, 1.3713971247465193]
[0.7278114076634175, 1.3739823111737464]
[0.7273708626021882, 1.3748144879250097]
[0.727319318541737, 1.3749119190247594]
[0.72379020367475, 1.381615825860736]
[0.3189749218513438, 3.1350426992691407]
[0.7217257535155992, 1.3855678491849552]
[0.7213315509296987, 1.386325052205377]
[0.7204264880753664, 1.3880666751600428]
[0.7200116381124715, 1.388866439189129]
[0.7181059867190478, 1.3925521002392653]
[0.3209104986291795, 3.1161336393532153]
[0.3209374824769611, 3.1158716404269993]
[0.3209731287111905, 3.115525601832524]
[0.7121773064547201, 1.4041447135939868]
[0.7118818217456567, 1.4047275396748127]
[0.7105786610504959, 1.4073037297821935]
[0.7092386981925072, 1.4099625451184448]
[0.7090420419088427, 1.410365899040848]
[0.7076103852813258, 1.413207071010452]
[0.7051652902513466, 1.4181072350335957]
[0.3246855482405974, 3.0799030182242153]
[0.7030649200029446, 1.4223437573813407]
[0.7017890051830424, 1.4249297048180134]
[0.325971695821318, 3.0677510128000556]
[0.32637163611727804, 3.0639917484761483]
[0.6995580466360388, 1.4294739440260817]
[0.6979351466251914, 1.4327978822035523]
[0.3284979247795868, 3.0441592611915977]
[0.32885339976576017, 3.040868668872794]
[0.6957836006224865, 1.437228470325177]
[0.32937180867253, 3.0360825476543014]
[0.33055955075930676, 3.025173520786089]
[0.6934149342133673, 1.4421379619324652]
[0.3316564807627319, 3.015167976516651]
[0.6897238747435339, 1.4498555677398275]
[0.6891605308812959, 1.4510407302652746]
[0.6884594911965148, 1.4525182858065335]
[0.3341541332457775, 2.99263094634379]
[0.3343361025251614, 2.991002145587141]
[0.6867696563091968, 1.456092287731741]
[0.3346483113211408, 2.988211702166228]
[0.3357282153328087, 2.978599814759972]
[0.6855434239449824, 1.4586968017947963]
[0.33653628048188533, 2.971447828947604]
[0.3366333948790795, 2.9705906045334727]
[0.3379358072550787, 2.9591418799996707]
[0.3380215018478775, 2.9583916837634723]
[0.680770790467804, 1.4689231882478857]
[0.3445694779655482, 2.902172316318699]
[0.6779958154946495, 1.4749353567476282]
[0.3456497548102809, 2.8931020088496138]
[0.38046167717571044, 2.628385616715255]
[0.3807272271108593, 2.6265523681835923]
[0.6769877680564125, 1.4771315630575341]
[0.6769061206439856, 1.4773097324760984]
[0.3819006362366928, 2.6184821524628834]
[0.377780131618641, 2.6470423304565776]
[0.37787794828535465, 2.6463571228158824]
[0.34708501240467715, 2.881138523014267]
[0.37314498922592937, 2.679923431571331]
[0.383936178971256, 2.604599552663847]
[0.38463717055446045, 2.5998527353934215]
[0.38537210234705505, 2.5948946327708713]
[0.38627588766837606, 2.590212553026144]
[0.38636067525022433, 2.5882551306557158]
[0.36950260415350544, 2.7063408721865514]
[0.36904228322273286, 2.709716597424304]
[0.3675429406797205, 2.720770525889129]
[0.3655462904871253, 2.735631645084962]
[0.38833172155590345, 2.5751179841640672]
[0.3638377359078192, 2.748477965060108]
[0.35130571624132645, 2.846523565568909]
[0.3519540457165856, 2.841280025532821]
[0.3554693909065357, 2.8131817410487874]
[0.35404278448044724, 2.824517385568204]
[0.35386171900827595, 2.825962646659195]
[0.6733932097351233, 1.4850164592442896]
[0.3608180937352703, 2.771479638528585]
[0.39176551074093163, 2.5525473084875108]
[0.3927917622592938, 2.545878239014263]
[0.3947174176094544, 2.533458001565644]
[0.39523136778112805, 2.5301635485414757]
[0.6710788082255563, 1.4901379506293246]
[0.670560969267293, 1.4912887057722397]
[0.6701393534512503, 1.4922269448137186]
[0.6694666682841781, 1.4937263457237808]
[0.6691522155792897, 1.494428288090316]
[0.6685249296061921, 1.4958305303424808]
[0.3980116041582068, 2.512489559481555]
[0.3993297812327703, 2.504195897718677]
[0.39978842339365167, 2.501323053607658]
[0.6644576720687612, 1.5049867614389068]
[0.4003893149130453, 2.4975691477110855]
[0.40057734373478526, 2.4963968023665393]
[0.5647055631038216, 1.7708343344514728]
[0.5649258350738542, 1.7701438629891435]
[0.6624435095910949, 1.5095626804725855]
[0.40204311031895323, 2.4872954524868467]
[0.566183533606533, 1.7662117328458833]
[0.5666539979982786, 1.7647453358354983]
[0.5611841808928378, 1.7819461667807726]
[0.5675078404110323, 1.7620901929314738]
[0.5608199360444408, 1.7831035163499562]
[0.4029872982727453, 2.4814677889008583]
[0.5686651126448233, 1.7585042193797804]
[0.5593478744961076, 1.7877961919509517]
[0.6585327775866694, 1.5185272989215637]
[0.5698480187829381, 1.7548538681169161]
[0.6581032711883824, 1.5195183549144666]
[0.5704462174433607, 1.7530136398867253]
[0.4047051193358257, 2.4709348911650326]
[0.5574587622250632, 1.7938546629145447]
[0.5712624552031104, 1.7505088788732903]
[0.6565019367636469, 1.5232247522828237]
[0.4058519776438629, 2.4639525124539494]
[0.6560056396839982, 1.524377138711347]
[0.5733770314606474, 1.7440531188571562]
[0.5738497142288098, 1.7426165339193185]
[0.40671884852679663, 2.458700902655892]
[0.6548816697307465, 1.5269934191487577]
[0.6544312997405245, 1.5280442735494009]
[0.5760671063034929, 1.7359088707855574]
[0.6541493729547084, 1.5287028335487487]
[0.4076952131252738, 2.452812708626841]
[0.6533437358284098, 1.5305878745926078]
[0.5529082227105893, 1.8086184269381604]
[0.6531654128580325, 1.5368228492424543]
[0.6532421970428752, 1.5308257864033323]
[0.40873161839841227, 2.4465932044074146]
[0.580282289651925, 1.7232991904678625]
[0.40938738401984703, 2.442674198166107]
[0.5807458893570692, 1.7219235096215277]
[0.581637254085147, 1.719284645157217]
[0.5515186468515655, 1.8131753218293956]
[0.5828678146043702, 1.7156548619497274]
[0.5874792623716113, 1.7021877435521253]
[0.6501611352730637, 1.5380802477219837]
[0.5891183911563723, 1.6974516752687245]
[0.589778094078292, 1.6955529716016409]
[0.591412667205124, 1.6908667254723557]
[0.5916892022086342, 1.690076473032192]
[0.5918176757670026, 1.6897095861558855]
[0.5938204356697133, 1.6840107546521121]
[0.5947791610312411, 1.6812962953614217]
[0.5951060264527681, 1.6803728336623847]
[0.5490757867974849, 1.8212422110844764]
[0.5965427490751668, 1.676325798193544]
[0.596620671916594, 1.6761068582950431]
[0.5966819478295893, 1.6759347314552866]
[0.5982570335234879, 1.671522345688794]
[0.5484307378109999, 1.8233843055394532]
[0.41326473010933884, 2.419756459099296]
[0.5990487487831866, 1.6693132270641458]
[0.6001141754210607, 1.6663495730597693]
[0.6007998417847532, 1.6644478417793376]
[0.602841605344168, 1.6588105252441734]
[0.4146105099476153, 2.4119021973812163]
[0.5464977820398862, 1.829833592859879]
[0.6467591956723608, 1.5461705170815785]
[0.6060565240895953, 1.6500111132409272]
[0.6457237934026402, 1.5486497635939696]
[0.6068109272446836, 1.6479597764342357]
[0.6084312571529938, 1.6435710497176903]
[0.6446087942947732, 1.551328509400866]
[0.4169844845396403, 2.3981707643247714]
[0.6441313418399679, 1.5524784078096394]
[0.5446640362139047, 1.835994179001149]
[0.6098653210099856, 1.6407364152639168]
[0.6119587363618857, 1.6340971058686604]
[0.6405639674708947, 1.5611243385235167]
[0.6398571118718559, 1.562848925871234]
[0.41976619219351086, 2.382278560296736]
[0.6375185200078815, 1.5685818821194988]
[0.6167938889858148, 1.6212871396055584]
[0.6372637474526462, 1.5692089876402517]
[0.6360783777644762, 1.572133301425119]
[0.6360549076901546, 1.5721913122744684]
[0.6196264342786496, 1.6138756267946668]
[0.6197001996676569, 1.6136835207351823]
[0.4211835955935427, 2.374261510804509]
[0.5417608294632551, 1.8458329683796841]
[0.42129664523462784, 2.373624407673794]
[0.6208045572218668, 1.6108129174744672]
[0.6345252174675833, 1.5759814936765506]
[0.6343754879438469, 1.5763534673151134]
[0.6305162778722115, 1.5860018767075712]
[0.6299284450894567, 1.5874818922615714]
[0.6297245404320322, 1.5879959185232557]
[0.628097846082483, 1.5921086280379921]
[0.6247729853917715, 1.6005813685637158]
[0.6278878454851111, 1.5926411176623305]
[0.6254408478739351, 1.5988722249263159]
[0.42307899857087183, 2.3636247683716816]
[0.537523325516324, 1.860384382462731]
[0.4255859713171962, 2.349701511318576]
[0.4259269037030422, 2.3478206971804805]
[0.426173795197813, 2.3464605549851782]
[0.5332006124881389, 1.8754667128636224]
[0.5323897411484276, 1.888324906557955]
[0.5324293604336213, 1.878183425469962]
[0.4299706431784568, 2.325740177533367]
[0.52834571221437, 1.8927001334199565]
[0.5268032461758252, 1.8982419095918805]
[0.5263420376894, 1.8999052486666674]
[0.5053725518591589, 1.9787382522481904]
[0.505735222528426, 1.9773192679768172]
[0.5027917212636406, 1.988895118413548]
[0.5005660493589857, 1.99773836296045]
[0.5004452658677774, 1.9982205212112247]
[0.502404389659793, 1.9904284687423965]
[0.507339277794312, 1.9710675750309736]
[0.49980966525332304, 2.000761628915601]
[0.4990386747131097, 2.0038527085598843]
[0.5097652309765565, 1.9616873400414179]
[0.5101411956821591, 1.9602416124477133]
[0.511826229466412, 1.9537881070349168]
[0.4978279352889933, 2.008726166440402]
[0.5235510645997068, 1.9100333618165277]
[0.512828940556019, 1.9499679540623833]
[0.5128889066030967, 1.9497399673217308]
[0.5135979089111584, 1.9470484257228136]
[0.5142616843530903, 1.9445353026017071]
[0.5150027047671534, 1.9417373748592777]
[0.51712012646077, 1.9337866558088075]
[0.5173886509464475, 1.9327830213722748]
[0.5215354553959735, 1.9174151817554848]
[0.5188537852992433, 1.9273252471758702]
[0.49570398411989536, 2.01733298911338]
[0.495477753266565, 2.018254085894355]
[0.49391208609574194, 2.02465181183308]
[0.49322761825078576, 2.027461486334574]
[0.4336024280090951, 2.3062601484764387]
[0.49036927478700754, 2.039279480620704]
[0.4858819596412079, 2.058113046095465]
[0.4361382243339962, 2.2928510829956434]
[0.4854049287396434, 2.0601356533327864]
[0.4843074705432898, 2.0648039950286394]
[0.4807412021316029, 2.0801212701678313]
[0.48071329519445183, 2.0802420278296925]
[0.4375927146847829, 2.285230001418885]
[0.43769132882511885, 2.284715127174826]
[0.4790562487076061, 2.0874375455863303]
[0.47771189688504756, 2.0933119030959184]
[0.4775281257699018, 2.0941174897033243]
[0.4758012853787809, 2.1017177353859173]
[0.475703851952477, 2.102148208166917]
[0.4736060133917755, 2.111459676870238]
[0.4728618314595716, 2.114782656306438]
[0.4724376022754188, 2.116681642578116]
[0.4715536762996838, 2.1206493560755866]
[0.4714182624168278, 2.1212585080460893]
[0.47137430052164764, 2.121456343490401]
[0.44318642293566396, 2.283321982934157]
[0.4684950067382911, 2.134494467640327]
[0.44530018470428107, 2.2456761401616956]
[0.4457292603070733, 2.243514368590199]
[0.4674001800672711, 2.139494254914651]
[0.4469974507729054, 2.2371492237168136]
[0.46551591897020245, 2.148154250475825]
[0.4651071541349755, 2.150042180838605]
[0.4648539413768992, 2.1512133403408304]
[0.4642705484947564, 2.153916511056256]
[0.44889152785321773, 2.2277096758372954]
[0.4494744683557678, 2.224820474582508]
[0.46174080754524677, 2.165717180849363]
[0.4614470514075442, 2.1670958714541935]
[0.4613327450428529, 2.16763282196045]
[0.4611663935649952, 2.1684147282927793]
[0.4583106462020884, 2.1819261854088765]
[0.4517874547770925, 2.213430208002102]
[0.4565758952025855, 2.190216370394004]
[0.4561013108408203, 2.1924953430993335]
[0.4554085709441309, 2.195830434036076]
[0.4551991079569449, 2.1968408604495444]
[0.4540550469452261, 2.2023761363908654]
[0.1, 11.546569188226531]
[0.1, 11.354135174640888]
[0.1, 10.10105063196009]
[0.1, 11.122153799982058]
[0.1, 10.161123840102848]
[0.1, 11.02084835135551]
[0.1, 11.004421510635245]
[0.1, 10.279973939308226]
[0.1, 10.933732584971755]
[0.1, 10.3123372583854]
[0.1, 10.406924035991105]
[0.1, 10.467040873471003]
[0.1, 10.48775731099085]
[0.1, 10.493839761026868]
[0.10121596526069275, 10.299667621505929]
[0.10328388360644722, 10.210825735674538]
[0.11614090426655233, 9.288152425779092]
[0.11870062699511505, 9.142022607833871]
[0.13022208374576213, 7.779486487785884]
[0.1303649908691514, 8.12201935242289]
[0.13586921886326828, 7.68714757596397]
[1.0, 1.2446816883433498]
[0.14607589719635714, 7.447156978435266]
[0.14814320269026113, 7.103388059148145]
[0.19201975616797348, 6.130890833459467]
[0.16627780473513634, 6.108054171532798]
[0.1589515013542654, 6.806316245156788]
[0.16354093164120265, 6.410406484198728]
[0.16857788310403923, 6.065240975993818]
[0.1639377742152022, 6.425352097634229]
[0.1753850069263378, 6.422816229471777]
[1.0, 1.1775476132705227]
[0.18714440664158127, 5.56578445425063]
[0.18170248502272, 5.775838156619361]
[0.18086915710082851, 5.813475262769371]
[0.21309612565211808, 5.729448531534281]
[1.0, 1.1521591699525304]
[1.0, 1.0069561812316032]
[1.0, 1.0077207744472554]
[1.0, 1.009633319305514]
[1.0, 1.1320896775193592]
[1.0, 1.0136846780588724]
[1.0, 1.0170731741092809]
[1.0, 1.1249171877569122]
[1.0, 1.1158829680993454]
[0.9116754763979964, 1.2889714003712456]
[1.0, 1.0385287023764433]
[1.0, 1.0396385695808612]
[1.0, 1.1027908787106244]
[1.0, 1.0532627462070758]
[0.1985186162478791, 5.257528955048171]
[1.0, 1.0861989684059514]
[1.0, 1.0596480405338589]
[0.22130612183310527, 5.550628518239236]
[1.0, 1.0791186082068334]
[1.0, 1.0676794470434905]
[1.0, 1.0751429525594456]
[0.9996674484737755, 1.0618312284365399]
[0.9088571638955478, 1.1051100854503624]
[0.9970384452000001, 1.0385012325208016]
[0.9947566405958671, 1.016978350005994]
[0.20340867014451075, 5.093908531250256]
[0.9263220740256387, 1.3008416460687262]
[0.2038671983547402, 5.146954937824908]
[0.20432740855325243, 5.203456350347346]
[0.9114141815465444, 1.2456937468051221]
[0.2055512119279258, 5.174210363281629]
[0.21044008182105403, 5.434027675248147]
[0.9899973423059453, 1.0287225910935522]
[0.22002771300171542, 5.362172848936107]
[0.21576271300647176, 5.3469718667216295]
[0.9006952761625912, 1.1874476222466663]
[0.9883992873898694, 1.0861179398546628]
[0.8900787753629967, 1.2883983683647784]
[0.9845539096115793, 1.041668719511746]
[0.8903513379238525, 1.2815978296740045]
[0.8879660215649228, 1.1368269867387681]
[0.9151882686737364, 1.2182318631457927]
[0.21836255800068727, 4.682499987004737]
[0.8929987148488743, 1.1833392937674716]
[0.9840382422191684, 1.1130575951815982]
[0.21889880747836582, 4.724534607739146]
[0.21879221803627613, 4.778485420185417]
[0.8822428048691867, 1.31759622115574]
[0.8857781577713584, 1.2873264394198465]
[0.9723944779109446, 1.0422842645581358]
[0.887618833199927, 1.2496062422029144]
[0.9767417470355958, 1.0813841214692823]
[0.8566726618268685, 1.4472682089420241]
[0.9705898816295779, 1.0488223763973905]
[0.2401723012160687, 5.1273277862481805]
[0.22183309143021548, 4.749212146063504]
[0.22160224714883012, 4.999920412719071]
[0.8765451030108603, 1.3225974279842156]
[0.9698182992251272, 1.091718740977879]
[0.9661815431266022, 1.1560398945046846]
[0.9264412101328291, 1.1147944876182425]
[0.9615872991908382, 1.0593902309206502]
[0.964190127632786, 1.0724492115594955]
[0.8817793702988858, 1.2261957892936632]
[0.87725800441061, 1.169148142200312]
[0.9492475102743047, 1.0617035509502224]
[0.9331206287323809, 1.2104043910272015]
[0.879925660125969, 1.2257876587915535]
[0.9538599296232616, 1.1791254109678664]
[0.9587451301908009, 1.0929029113329376]
[0.9591204210923783, 1.1018079949036492]
[0.9400025969563418, 1.1057165083389384]
[0.9460260233448989, 1.1065288253708236]
[0.8722785903063435, 1.1703370024031168]
[0.9416813439686924, 1.1203773921986466]
[0.22720549874905538, 4.804484653997251]
[0.938817428945808, 1.1275751730428882]
[0.8732339515728278, 1.1842262251256337]
[0.30165503809972816, 4.271616066228283]
[0.864420687281763, 1.176043508302647]
[0.23228328704047443, 4.637870956484489]
[0.23740799046069644, 4.267015891009994]
[0.8529440955669126, 1.4032903476947431]
[0.24982946882866633, 4.867231436918591]
[0.8670827983832394, 1.2886787647662765]
[0.8636475436546464, 1.3245084019125803]
[0.8596946104836061, 1.173614098497357]
[0.36784323000021835, 3.5898368695297487]
[0.8568213091777492, 1.35826476951473]
[0.855192364807472, 1.1741884997405014]
[0.2437821009105421, 4.750257435759703]
[0.858167087466237, 1.2441555028251445]
[0.8539818442460377, 1.2098692124990968]
[0.2452471744793375, 4.627916917324763]
[0.24367282319274497, 4.440114341014314]
[0.8503453530870131, 1.234806265722946]
[0.2459722395591396, 4.430733020395631]
[0.8467576419817447, 1.2390234824723547]
[0.8441702373437057, 1.244924119009908]
[0.8396868355638613, 1.3402575252692184]
[0.25025590085040633, 4.325426705798594]
[0.25091414756275987, 4.246248942287688]
[0.8407166549203654, 1.2755626443751666]
[0.25759425541590275, 3.9236168588316698]
[0.8390412045187348, 1.3003306338700351]
[0.2536465201563253, 4.350486037628419]
[0.8366075093343099, 1.2803948470206694]
[0.7994919980912901, 1.5055940992461354]
[0.25596188571301765, 4.177023246802506]
[0.260219369941557, 3.9441987306653474]
[0.8191127752585257, 1.4309503229218425]
[0.2686225174900602, 3.7344167649427216]
[0.8221435434102914, 1.4017225602401056]
[0.268666059241237, 3.785930914308133]
[0.635759475299788, 1.9997230039368712]
[0.8243457587212591, 1.2978433103011437]
[0.2642138431797212, 4.044719573988827]
[0.2822146254360842, 4.137466493149622]
[0.27137714112260297, 3.8153850837561807]
[0.8203729129627986, 1.2759554812562166]
[0.8091432557301279, 1.244260510101691]
[0.27827487534296885, 3.6786314920785]
[0.8073102173615749, 1.4339206958490927]
[0.27828435667033835, 3.6815170071745786]
[0.47356786618143887, 2.649845121903377]
[0.8045517864474826, 1.4421782727343386]
[0.8201221866800349, 1.2982899795718772]
[0.8010934197373819, 1.2502750418872204]
[0.8037852817536044, 1.255735038467313]
[0.8030354024904737, 1.258290705004404]
[0.8105746624302554, 1.2670034858077446]
[0.8167384658092324, 1.3059484999221327]
[0.7646005245981338, 1.5501850619650295]
[0.29645529925678055, 3.9023463610049607]
[0.30786656826814046, 3.8237705176027728]
[0.30639665247500814, 3.82882209009485]
[0.3065618552637051, 3.3015780613977457]
[0.28032340433084757, 3.7927129126598778]
[0.2799894543728939, 3.852574413920044]
[0.7866057540655534, 1.2814759289490913]
[0.29429839936383906, 3.8589784792257062]
[0.8100405279812534, 1.3442312987861325]
[0.8044318231521117, 1.391513435785554]
[0.3125608128863361, 3.217667136026326]
[0.7879408569258962, 1.2924598030487815]
[0.2862483058169218, 3.859732875222227]
[0.8028924048459525, 1.306643504303596]
[0.7934295299383508, 1.2976508625531828]
[0.803840559401514, 1.3706181235631647]
[0.7970060138716368, 1.3136462541500278]
[0.792952369145711, 1.3039566629386175]
[0.7904350696873041, 1.4276497771223577]
[0.3920878000740747, 3.093947529187087]
[0.7988655614786527, 1.331872586568738]
[0.3109982415078794, 3.2842198387931387]
[0.5346903619224114, 2.318377083107165]
[0.3078827522602301, 3.7312399880562257]
[0.29848169992836115, 3.7243832373442625]
[0.7446455140452402, 1.587804544487294]
[0.7801128714138414, 1.4442248219335148]
[0.30059144917504466, 3.670678236765869]
[0.307770941233819, 3.3971052391715286]
[0.3080137133266219, 3.397267860215328]
[0.7803673548337627, 1.4342037047470209]
[0.30193950042391293, 3.60965587816785]
[0.30356811084368596, 3.5196990368298815]
[0.7823038761764858, 1.4195160013121715]
[0.7499284440588636, 1.5596121439378]
[0.3077144783176899, 3.427044263569786]
[0.7850289714657466, 1.3914961557843575]
[0.7691173684883212, 1.3394102024976926]
[0.7665151065452301, 1.45895778098121]
[0.32600324892852234, 3.1050320175417623]
[0.3140436212674279, 3.3453244149861896]
[0.770450368955548, 1.3794805891097932]
[0.3174576029932124, 3.25940291895224]
[0.7706655098905961, 1.3899559667151993]
[0.7706301608991024, 1.398248885248871]
[0.7581618529658942, 1.3371871229053816]
[0.7567307365024138, 1.3376513254382139]
[0.6497662888824873, 1.8859872672726266]
[0.7657630565745165, 1.4508740218373615]
[0.3311313819045285, 3.0578254574138146]
[0.3128740447118745, 3.4670214271674946]
[0.3342595952201458, 3.015665596999817]
[0.3133029669232562, 3.533668795225878]
[0.3345575265549166, 3.0121180761192528]
[0.38969052194033865, 3.0461289364669977]
[0.3266354477229475, 3.559364150393354]
[0.7446768969710884, 1.3466825519353598]
[0.3342309802939112, 3.4915334698169342]
[0.38638251582919386, 3.071084285991489]
[0.3212364385455255, 3.253575609937846]
[0.7607947313330229, 1.4281731244175433]
[0.33540016532986305, 3.046190018344159]
[0.3180746383242915, 3.3934370614579565]
[0.7533569948501873, 1.3743994820769174]
[0.7434388570435587, 1.518180053197445]
[0.7503727476465213, 1.3800500342319635]
[0.3280045782660293, 3.181688103472571]
[0.7170481183215209, 1.6306887917779807]
[0.6409897768651548, 1.9021206251529887]
[0.46719508187533487, 2.5796779824533567]
[0.36746627060505843, 2.7361506833097557]
[0.4676898147716699, 2.574087507333771]
[0.7338946005683696, 1.545696188387394]
[0.753771172879295, 1.4142127971538665]
[0.32411858294514206, 3.3008516476015672]
[0.732852995588548, 1.3907180639203802]
[0.39768699428028725, 2.8970431663587535]
[0.3263321062142384, 3.2703456249185288]
[0.3696986644573892, 3.1987318895602552]
[0.7480963807847049, 1.405669713659326]
[0.32691391294966693, 3.2807454138097056]
[0.3249534380553471, 3.380420218331831]
[0.32933170685442414, 3.2202041639341723]
[0.743399212666878, 1.4054892418572313]
[0.43480194298693825, 2.775472610068054]
[0.7406229698863946, 1.408354990750871]
[0.7439104650419778, 1.4719982106723888]
[0.4001842578374224, 2.60917500617019]
[0.39135204465958395, 2.9445100155765824]
[0.7360053334237884, 1.5137787146656172]
[0.43064294916566237, 2.781007455376204]
[0.4260090312049558, 2.3578391333312947]
[0.553946419157668, 2.143139583349602]
[0.7188565007614081, 1.394565553838447]
[0.7374070489824149, 1.4875351697220578]
[0.39142696148181666, 2.9261764712135228]
[0.39221376472470504, 2.909235869367484]
[0.40278384220842267, 2.768337934763965]
[0.39785359510404383, 2.699967290232115]
[0.39988325087441967, 2.6895497788168545]
[0.7327531798413244, 1.4506494867818371]
[0.346022247286264, 3.013126124139253]
[0.40054632293289194, 2.69521414006669]
[0.4289483040645543, 2.759968572848618]
[0.3494414746596336, 2.9788593279388182]
[0.3402072637831768, 3.2152598469961813]
[0.3675113460698096, 3.1472276273838187]
[0.4059929927784754, 2.719547791251322]
[0.40693353722477965, 2.7286989859356625]
[0.7244008083028388, 1.4190427885629493]
[0.47981577621371846, 2.4498774456069308]
[0.3680896275896714, 2.8215988907668]
[0.5600632816385367, 2.094743192840443]
[0.7263920108135323, 1.5311586073542536]
[0.39040918698407845, 2.8622747965673585]
[0.4179112924787369, 2.4982864528006328]
[0.7104913123884316, 1.6187737487754545]
[0.4163199228456924, 2.73088738538042]
[0.7250627945452811, 1.4339228489752687]
[0.390170503805644, 2.778055268187333]
[0.4226455521640613, 2.4439574653061857]
[0.4164446712168981, 2.5368908653990774]
[0.4096067478571641, 2.672767855620098]
[0.38639158695770337, 2.8910246248102993]
[0.3707300488264936, 2.8491669923575214]
[0.3484997469850307, 3.1684828201016435]
[0.3816564358473444, 2.7838305749814363]
[0.3828360149214314, 2.936307285667526]
[0.7241563985621181, 1.457246033209288]
[0.4603371640630017, 2.1954556094447812]
[0.3839143501611815, 2.895601342252655]
[0.4184459659048879, 2.5523962921297674]
[0.424665193731473, 2.4538047726681853]
[0.3762410060081096, 2.8311625832072456]
[0.5779166514327622, 2.0417865925479823]
[0.38011309987308073, 2.9266656297472107]
[0.7201309008720331, 1.5196947888007772]
[0.7187313355741193, 1.5286708122957666]
[0.3597525831864743, 3.0949999151431715]
[0.4430035286592416, 2.664954624256839]
[0.3649566009299969, 2.9479789203002893]
[0.4596773512191369, 2.2157109414562]
[0.368240047993798, 2.97691921174628]
[0.46424748215495854, 2.1989801393000294]
[0.4213509090054226, 2.6556623127209233]
[0.36276105523196406, 3.0266508860726824]
[0.48086233870940026, 2.11530330904746]
[0.43717497874018824, 2.327818545196558]
[0.45076991826846247, 2.2538330556250172]
[0.6553083551458142, 1.7897643384526942]
[0.42228606155796233, 2.5677314930382686]
[0.7070713303394429, 1.449654324826593]
[0.5634309531734703, 2.0489161476715574]
[0.707538453551312, 1.4546653437320278]
[0.6807791292000988, 1.721828363579653]
[0.4261520943765155, 2.646820994600035]
[0.45592172176025747, 2.26607520754726]
[0.4281796633943008, 2.48596268569159]
[0.7082850558808482, 1.5630301550034944]
[0.4556499351135636, 2.5198229196803466]
[0.5538530563631646, 2.0505841329912666]
[0.48565928595633917, 2.111902081676378]
[0.5649727390937769, 2.027760565694111]
[0.5450374370472135, 1.8410457755642022]
[0.5618971262468173, 1.7956970307675388]
[0.45834232848987577, 2.282700978832377]
[0.541245807074362, 2.130059128435192]
[0.5679663587540577, 1.7641587925492888]
[0.45303156111654574, 2.525779553038343]
[0.7076722067239164, 1.5366251963445434]
[0.4499401743294732, 2.5524840602914125]
[0.6484352634514627, 1.793116250733874]
[0.5601280381225848, 1.8148754394238866]
[0.5660044220680344, 1.780166560023593]
[0.5024809073879353, 2.000775577700536]
[0.476757903317614, 2.245507294283641]
[0.4830025711887291, 2.1593537295359755]
[0.4735539855180758, 2.314629651888836]
[0.6965492487572613, 1.4645064355943505]
[0.47044635589451345, 2.28790777922042]
[0.46143036926564657, 2.431433413833417]
[0.5573458846062669, 1.845157340460903]
[0.6874258031770396, 1.4576512028860398]
[0.5432397656821061, 1.8622231128546236]
[0.6964919803346101, 1.4689049905490994]
[0.48006936734058453, 2.2221109902074665]
[0.6905862829631843, 1.4615340559291288]
[0.5018101244175983, 2.301344988738892]
[0.6934495664826767, 1.6438400585112916]
[0.4794168486145234, 2.2557862022432293]
[0.5173256535238968, 1.9540119151475315]
[0.6985283856248852, 1.6024924726304184]
[0.4369483571670142, 2.430781956509195]
[0.4650428699441743, 2.3352393193413303]
[0.4955807444793248, 2.30879178947428]
[0.45192482671738154, 2.4787835407829877]
[0.548240775758206, 1.880867504845689]
[0.4956081842784484, 2.0755213089035367]
[0.5548413135707884, 1.9770629360671104]
[0.6504575910491867, 1.5439854549553476]
[0.5649818276492904, 1.8226553539976078]
[0.4935208627680239, 2.291629634038384]
[0.547695397361059, 1.8987472345087273]
[0.6842704918846522, 1.478711926857194]
[0.6136401466473406, 1.9143311769516709]
[0.4972135962331534, 2.077244374520313]
[0.5628219907325898, 1.9682677911104418]
[0.6257498325734829, 1.8729316943549552]
[0.4895187032885093, 2.161663177545246]
[0.6838238376796228, 1.4829172078103596]
[0.44187579500243757, 2.4619936206477413]
[0.5484145116954153, 1.9237754802083986]
[0.5858742003084632, 1.720317297311089]
[0.6931454257741666, 1.4957858125820014]
[0.5759931425705507, 1.7674995974935042]
[0.4435812022025869, 2.4712561798389685]
[0.4924474352473144, 2.135303753233336]
[0.6716573912951584, 1.5006377074077637]
[0.5070684127750299, 2.0317792094869707]
[0.5184978122884198, 1.985302826919247]
[0.6660676948316522, 1.707069196190431]
[0.5622366077696666, 1.8764273610796534]
[0.4890551609197289, 2.239561711055859]
[0.6474618206276369, 1.555267170524378]
[0.570958726182369, 1.963200229788377]
[0.5427602446225217, 2.0478466549723247]
[0.5467919024714865, 1.9958213555770405]
[0.6527668827768566, 1.7298935097028691]
[0.5968913741078763, 1.6776214733148054]
[0.49126361753031617, 2.1964120353160026]
[0.6887730970906236, 1.5019049194789054]
[0.5770119380453331, 1.777991482046569]
[0.4972439389406402, 2.112178431898054]
[0.6871617376083413, 1.6313111202191266]
[0.518481159176133, 2.157458059004796]
[0.5665023825254112, 1.9273353412854843]
[0.5673977938993334, 1.9318249756720847]
[0.6424821799882107, 1.5690397762502444]
[0.5165796479384832, 2.027696271543011]
[0.6407771996889486, 1.5697896976604455]
[0.5958399538234755, 1.693874355148609]
[0.49514104490923005, 2.2133626379180407]
[0.6454384355069275, 1.5710198141330034]
[0.507230184596228, 2.1963631792912937]
[0.49766206583803946, 2.128851427924702]
[0.5173539586019802, 2.1497521145138974]
[0.5676995841478866, 1.8722337413568382]
[0.526194474464478, 1.980803023578355]
[0.5051455887798713, 2.081391845796728]
[0.539760320823594, 1.9655723277797954]
[0.585856004509236, 1.919282193754049]
[0.6723374612031581, 1.525650705436847]
[0.6402402213501425, 1.7830706771199074]
[0.5330168016362518, 1.9702199825258793]
[0.6631641990946746, 1.559613241780945]
[0.5112909195046106, 2.0698023350557087]
[0.523946323758713, 2.1095063080285215]
[0.689562179055879, 1.5738829619040184]
[0.6799021299842267, 1.6362000226498714]
[0.6473893340369655, 1.5844390796392676]
[0.5200436078977093, 2.0447494134572084]
[0.6861011777003936, 1.6071364717439955]
[0.537959546556602, 2.006644441991265]
[0.6800711646541936, 1.528067916506336]
[0.6001267139856598, 1.9005659669477821]
[0.5260045035900034, 2.031552479059685]
[0.6523209884834915, 1.6819920109350195]
[0.5854331468526809, 1.7755415816388191]
[0.6545674285246065, 1.63116751740281]
[0.6520000622053158, 1.6798841441488268]
[0.5753259434086089, 1.884589836543264]
[0.6608787850976516, 1.6444689649369846]
[0.5826070239123354, 1.890873028873571]
[0.661087686553889, 1.637981194149058]
[0.667071765590425, 1.6394446232329771]
[0.6788868050108879, 1.605302704240852]
[0.6688505608435945, 1.5739618769147004]
[0.6492429249116898, 1.635512413283131]
[0.5929095027208451, 1.755787852724381]
[0.6436390200366158, 1.6115857559157474]
[0.643506561057934, 1.7252059664646104]
[0.6108867750146701, 1.6489824442121903]
[0.6177597400051783, 1.6266109142218579]
[0.6472332715514917, 1.646679512691804]
[0.5984229691932501, 1.7270310030929377]
[0.5943810834832626, 1.7684990127796791]
[0.6221972182329215, 1.619804065503204]
[0.6280398115621415, 1.6182316053100883]
[0.6427638008590378, 1.6950650223151824]
[0.6328295295263967, 1.6284288135527698]
[0.6422610309033528, 1.6886067910196514]
[0.6037433730287735, 1.7105463229940157]
[0.6361665516988078, 1.667087182982528]
[0.6141673274824614, 1.824629861161824]
[0.6099108713717436, 1.7090288417930404]
[0.6097058460693376, 1.7799247229841049]
[0.6093272902631134, 1.7634262170095611]
[0.6231683519069726, 1.6771617091207074]
[0.6261401410268934, 1.7236178596930656]
[0.6146692275694823, 1.7302645892089885]
[0.6210685209898732, 1.7598148239994755]
